ID,RA_DMS,DEC_DMS,SEMI_MAJ_PC,SEMI_MIN_PC,AVG_RAD_PC,PA_DEG,ARM,DIST_ARM_PC,GAL_RAD_KPC
1,24d08m55.9s,15d48m7.9s,86,86,86,0,3,145,5.22
2,24d08m56.7s,15d48m2.9s,24,24,24,0,3,127,5.05
3,24d08m57.0s,15d48m9.0s,42,42,42,0,3,138,5.21
4,24d08m58.0s,15d47m44.9s,25,25,25,0,3,101,4.54
5,24d08m58.2s,15d48m2.6s,24,24,24,0,3,114,4.98
6,24d08m58.7s,15d47m41.2s,33,33,33,0,3,95,4.44
7,24d08m58.8s,15d47m50.6s,32,31,32,0,3,93,4.64
8,24d08m58.9s,15d47m39.8s,40,40,40,0,3,93,4.40
9,24d08m58.9s,15d48m9.0s,31,31,31,0,3,122,5.14
10,24d08m59.3s,15d48m6.1s,209,171,196,0,3,112,5.04
11,24d08m59.7s,15d47m54.0s,35,35,35,0,3,88,4.69
12,24d09m0.4s,15d47m52.2s,163,93,139,20,3,80,4.62
13,24d09m0.4s,15d48m2.6s,50,50,50,0,3,95,4.90
14,24d09m0.8s,15d48m9.6s,37,37,37,0,3,107,5.09
15,24d09m1.1s,15d48m5.2s,30,30,30,0,3,95,4.95
16,24d09m1.5s,15d47m36.5s,29,29,29,0,3,70,4.23
17,24d09m2.3s,15d47m50.0s,19,18,19,0,3,63,4.49
18,24d09m2.4s,15d48m2.8s,31,31,31,0,3,79,4.83
19,24d09m2.6s,15d48m6.5s,24,24,24,0,3,85,4.93
20,24d09m3.0s,15d48m5.3s,37,37,37,0,3,79,4.88
21,24d09m3.0s,15d48m3.9s,31,31,31,0,3,78,4.84
22,24d09m3.5s,15d47m35.8s,23,23,23,0,3,53,4.13
23,24d09m3.9s,15d47m49.0s,27,24,26,0,3,50,4.41
24,24d09m4.1s,15d48m6.5s,39,39,39,0,3,74,4.88
25,24d09m4.1s,15d47m33.1s,40,40,40,0,3,48,4.05
26,24d09m4.3s,15d48m11.1s,204,142,183,70,3,83,5.02
27,24d09m5.1s,15d47m31.7s,28,28,28,0,3,39,3.99
28,24d09m5.2s,15d48m5.1s,30,30,30,0,3,60,4.80
29,24d09m5.3s,15d47m25.7s,31,31,31,0,3,44,3.88
30,24d09m5.5s,15d48m6.4s,37,37,37,0,3,62,4.83
31,24d09m5.8s,15d47m32.4s,37,37,37,0,3,33,3.97
32,24d09m6.8s,15d47m19.7s,62,62,62,0,3,45,3.74
33,24d09m7.7s,15d48m7.4s,24,24,24,0,3,44,4.78
34,24d09m7.8s,15d48m9.3s,18,18,18,0,3,50,4.84
35,24d09m8.1s,15d47m21.7s,23,23,23,0,3,32,3.71
36,24d09m8.1s,15d47m29.9s,42,42,42,0,3,20,3.82
37,24d09m9.8s,15d48m4.7s,29,29,29,0,3,22,4.63
38,24d09m10.2s,15d47m15.8s,44,33,40,-80,3,22,3.55
39,24d09m10.5s,15d47m17.6s,36,34,35,-90,3,19,3.55
40,24d09m11.1s,15d48m9.1s,26,26,26,0,3,21,4.72
41,24d09m11.5s,15d48m5.4s,29,29,29,0,3,10,4.59
42,24d09m11.8s,15d48m3.4s,24,24,24,0,3,1,4.51
43,24d09m12.3s,15d47m58.4s,32,32,32,0,3,-9,4.35
44,24d09m12.5s,15d48m12.1s,144,91,127,-60,3,23,4.78
45,24d09m12.5s,15d48m4.8s,24,24,24,0,3,2,4.54
46,24d09m12.6s,15d48m3.0s,27,27,27,0,3,-6,4.48
47,24d09m12.8s,15d48m7.2s,17,17,17,0,3,6,4.61
48,24d09m12.8s,15d48m5.3s,26,26,26,0,3,-2,4.54
49,24d09m13.2s,15d48m15.7s,27,27,27,0,3,30,4.88
50,24d09m13.2s,15d48m15.1s,38,33,37,0,3,29,4.86
51,24d09m13.7s,15d48m7.6s,25,25,25,0,3,-2,4.59
52,24d09m13.9s,15d47m14.6s,22,21,22,-90,3,-3,3.37
53,24d09m14.0s,15d48m2.5s,36,36,36,0,3,-17,4.41
54,24d09m14.3s,15d48m6.2s,68,68,68,0,3,-10,4.52
55,24d09m14.4s,15d48m14.9s,22,21,22,0,3,19,4.81
56,24d09m14.7s,15d48m8.5s,43,40,42,-90,3,-7,4.59
57,24d09m14.8s,15d47m22.0s,52,52,52,0,3,-24,3.41
58,24d09m15.0s,15d47m23.8s,35,35,35,0,3,-27,3.43
59,24d09m15.2s,15d48m9.7s,19,19,19,0,3,-8,4.61
60,24d09m15.4s,15d48m8.7s,27,27,27,0,3,-11,4.57
61,24d09m15.5s,15d48m6.1s,24,24,24,0,3,-19,4.48
62,24d09m15.7s,15d47m2.5s,16,16,16,0,3,23,3.23
63,24d09m15.7s,15d48m13.9s,38,38,38,0,3,7,4.73
64,24d09m15.8s,15d48m4.7s,17,17,17,0,3,-26,4.42
65,24d09m16.2s,15d48m7.5s,35,35,35,0,3,-23,4.50
66,24d09m16.3s,15d46m53.3s,33,33,33,0,3,50,3.22
67,24d09m16.4s,15d47m2.1s,29,29,29,0,3,19,3.19
68,24d09m16.5s,15d48m6.0s,24,24,24,0,3,-27,4.44
69,24d09m16.6s,15d48m9.0s,25,25,25,0,3,-20,4.54
70,24d09m16.7s,15d48m4.9s,26,26,26,0,3,-33,4.40
71,24d09m17.0s,15d48m11.9s,24,24,24,0,3,-11,4.62
72,24d09m17.1s,15d47m7.7s,27,19,24,-80,3,-5,3.18
73,24d09m17.3s,15d47m8.9s,88,66,81,0,3,-14,3.17
74,24d09m17.3s,15d47m3.6s,129,87,115,20,3,7,3.15
75,24d09m17.4s,15d48m13.1s,41,41,41,0,3,-9,4.66
76,24d09m17.5s,15d48m5.8s,36,36,36,0,3,-36,4.41
77,24d09m17.7s,15d47m1.5s,36,36,36,0,3,11,3.13
78,24d09m18.0s,15d48m3.8s,36,36,36,0,3,-45,4.32
79,24d09m18.0s,15d47m10.8s,54,33,47,30,3,-26,3.15
80,24d09m18.2s,15d48m11.8s,26,26,26,0,3,-20,4.59
81,24d09m18.2s,15d47m60.0s,36,36,36,0,3,-54,4.19
82,24d09m18.2s,15d47m6.2s,19,15,18,0,3,-7,3.12
83,24d09m18.4s,15d47m14.8s,28,17,24,-60,3,-41,3.17
84,24d09m18.5s,15d47m11.7s,19,17,18,-90,3,-32,3.14
85,24d09m18.5s,15d48m7.4s,26,26,26,0,3,-40,4.42
86,24d09m18.5s,15d47m7.5s,17,7,14,-80,3,-16,3.11
87,24d09m18.8s,15d48m4.9s,37,37,37,0,3,-50,4.33
88,24d09m18.9s,15d48m17.6s,27,26,27,-90,3,-6,4.77
89,24d09m19.0s,15d47m3.4s,21,21,21,0,3,6,3.07
90,24d09m19.3s,15d47m5.6s,17,13,15,20,3,-15,3.06
91,24d09m19.5s,15d48m7.4s,22,22,22,0,3,-48,4.39
92,24d09m19.8s,15d47m5.4s,17,13,15,0,3,-17,3.04
93,24d09m19.9s,15d47m7.0s,80,63,74,30,3,-24,3.04
94,24d09m19.9s,15d46m46.4s,43,43,43,0,3,62,3.11
95,24d09m20.0s,15d47m4.1s,30,30,30,0,3,-15,3.03
96,24d09m20.2s,15d48m18.5s,14,14,14,0,3,-11,4.77
97,24d09m20.6s,15d47m1.5s,19,18,19,0,3,-11,3
98,24d09m20.8s,15d48m1.4s,260,187,236,70,3,-74,4.15
99,24d09m20.9s,15d46m59.2s,181,120,161,-25,3,-3,2.99
100,24d09m21.0s,15d47m5.3s,34,19,29,-20,3,-25,2.99
101,24d09m21.1s,15d48m13.5s,20,20,20,0,3,-39,4.56
102,24d09m21.2s,15d47m7.0s,20,20,20,0,3,-34,2.98
103,24d09m21.2s,15d47m2.0s,15,11,14,-90,3,-18,2.97
104,24d09m21.6s,15d47m6.4s,10,7,9,60,3,-35,2.96
105,24d09m21.6s,15d47m4.3s,25,25,25,0,3,-26,2.96
106,24d09m21.9s,15d47m6.6s,13,9,11,60,3,-38,2.95
107,24d09m22.3s,15d48m4.8s,31,30,31,-90,3,-78,4.22
108,24d09m22.5s,15d47m7.0s,29,22,26,30,3,-44,2.93
109,24d09m22.6s,15d47m3.6s,20,19,20,-90,3,-32,2.91
110,24d09m22.7s,15d47m12.0s,230,171,211,50,3,-68,2.95
111,24d09m22.8s,15d47m2.7s,26,24,25,-90,3,-33,2.90
112,24d09m22.8s,15d47m5.1s,53,44,50,20,3,-39,2.90
113,24d09m23.5s,15d47m5.7s,17,14,16,40,3,-47,2.87
114,24d09m23.6s,15d48m22.3s,42,42,42,0,3,-23,4.81
115,24d09m23.9s,15d48m12.5s,27,27,27,0,3,-64,4.44
116,24d09m24.1s,15d46m52.4s,73,73,73,0,3,-16,2.87
117,24d09m24.1s,15d46m58.7s,23,16,21,40,3,-24,2.84
118,24d09m24.3s,15d46m58.1s,12,11,12,-90,3,-22,2.83
119,24d09m24.4s,15d46m59.4s,10,9,10,-90,3,-30,2.83
120,24d09m24.4s,15d47m7.0s,62,42,56,0,3,-59,2.84
121,24d09m24.6s,15d47m3.4s,19,18,19,-90,3,-48,2.82
122,24d09m24.9s,15d46m59.4s,9,9,9,0,3,-33,2.80
123,24d09m24.9s,15d46m59.7s,8,8,8,0,3,-35,2.80
124,24d09m24.9s,15d47m0.6s,27,27,27,-90,3,-40,2.80
125,24d09m25.0s,15d46m58.9s,11,9,10,-90,3,-32,2.80
126,24d09m25.1s,15d47m2.5s,21,15,19,-60,3,-49,2.79
127,24d09m25.2s,15d47m4.7s,25,25,25,0,3,-56,2.79
128,24d09m25.3s,15d47m14.9s,26,26,26,-90,3,-98,2.86
129,24d09m25.5s,15d48m23.1s,26,26,26,0,3,-33,4.80
130,24d09m25.5s,15d47m14.0s,18,18,18,-90,3,-96,2.84
131,24d09m25.7s,15d46m59.4s,12,11,11,-90,3,-39,2.77
132,24d09m26.1s,15d47m0.2s,9,9,9,0,3,-46,2.75
133,24d09m26.1s,15d47m6.9s,25,24,24,-90,3,-72,2.76
134,24d09m26.2s,15d46m59.4s,9,8,9,-90,3,-41,2.74
135,24d09m26.2s,15d48m29.9s,20,20,20,0,3,-10,5.05
136,24d09m26.3s,15d48m22.1s,15,15,15,0,3,-45,4.73
137,24d09m26.4s,15d47m16.4s,47,37,44,0,3,-110,2.83
138,24d09m26.4s,15d47m12.2s,15,14,14,0,3,-96,2.78
139,24d09m26.4s,15d47m0.0s,11,11,11,0,3,-47,2.73
140,24d09m26.5s,15d47m1.6s,99,57,85,40,3,-56,2.73
141,24d09m26.5s,15d47m0.4s,10,9,10,20,3,-50,2.73
142,24d09m26.6s,15d47m13.5s,24,23,24,-90,3,-103,2.78
143,24d09m26.6s,15d48m18.4s,31,29,30,0,3,-65,4.58
144,24d09m26.7s,15d48m22.9s,21,21,21,0,3,-42,4.75
145,24d09m26.8s,15d46m59.2s,8,8,8,-90,3,-44,2.71
146,24d09m27.0s,15d46m59.6s,10,9,10,0,3,-48,2.71
147,24d09m27.1s,15d46m58.3s,39,39,39,0,3,-41,2.70
148,24d09m27.2s,15d48m23.2s,29,29,29,0,3,-44,4.76
149,24d09m27.2s,15d48m25.5s,29,29,29,0,3,-35,4.84
150,24d09m27.4s,15d47m10.5s,34,33,33,0,3,-96,2.72
151,24d09m27.6s,15d47m11.6s,17,16,17,-90,3,-102,2.72
152,24d09m27.7s,15d47m12.6s,24,22,23,-90,3,-107,2.73
153,24d09m27.8s,15d47m8.0s,24,23,24,0,3,-89,2.69
154,24d09m27.8s,15d48m16.1s,19,19,19,0,3,-81,4.46
155,24d09m28.1s,15d46m53.9s,41,40,41,-90,3,-45,2.68
156,24d09m28.2s,15d48m24.9s,19,19,19,0,3,-45,4.79
157,24d09m28.3s,15d48m21.5s,22,22,22,0,3,-61,4.66
158,24d09m28.5s,15d46m59.8s,28,27,27,-90,3,-59,2.64
159,24d09m28.6s,15d47m2.1s,40,39,40,0,3,-73,2.63
160,24d09m28.6s,15d48m26.0s,25,25,25,0,3,-43,4.83
161,24d09m28.6s,15d47m8.9s,24,24,24,0,3,-99,2.66
162,24d09m28.6s,15d48m28.6s,62,62,62,0,3,-31,4.93
163,24d09m28.7s,15d47m4.2s,27,27,27,0,3,-84,2.63
164,24d09m28.8s,15d47m11.9s,31,26,29,-90,2,103,2.67
165,24d09m28.9s,15d47m9.8s,18,18,18,-90,3,-105,2.65
166,24d09m29.4s,15d47m2.2s,21,19,20,-90,3,-79,2.60
167,24d09m29.4s,15d47m17.9s,38,34,37,-90,2,97,2.72
168,24d09m29.5s,15d47m9.5s,21,19,20,-90,2,102,2.62
169,24d09m29.6s,15d46m46.2s,21,21,21,0,3,-89,2.68
170,24d09m30.0s,15d46m19.0s,30,30,30,0,4,-66,3.26
171,24d09m30.5s,15d47m1.9s,29,29,29,0,3,-85,2.54
172,24d09m30.9s,15d47m3.9s,55,55,55,0,2,98,2.53
173,24d09m31.3s,15d47m13.0s,23,19,22,-90,2,81,2.57
174,24d09m31.3s,15d47m17.6s,61,59,60,-90,2,81,2.63
175,24d09m31.3s,15d48m24.5s,32,32,32,0,3,-70,4.70
176,24d09m31.4s,15d48m26.1s,26,26,26,0,3,-62,4.76
177,24d09m31.9s,15d48m34.5s,28,28,28,0,3,-24,5.10
178,24d09m31.9s,15d47m7.0s,37,37,37,0,2,84,2.49
179,24d09m32.0s,15d48m32.1s,26,26,26,0,3,-37,4.99
180,24d09m32.3s,15d47m13.5s,32,32,32,0,2,72,2.53
181,24d09m32.8s,15d48m24.3s,34,34,34,0,3,-81,4.66
182,24d09m32.9s,15d47m12.0s,24,23,24,-90,2,68,2.49
183,24d09m32.9s,15d47m4.4s,18,18,18,0,2,81,2.44
184,24d09m33.0s,15d48m31.5s,40,40,40,0,3,-46,4.95
185,24d09m33.1s,15d47m4.0s,16,16,16,0,2,79,2.43
186,24d09m33.2s,15d48m29.3s,52,52,52,0,3,-60,4.85
187,24d09m33.3s,15d48m33.6s,16,16,16,0,3,-38,5.03
188,24d09m33.4s,15d47m19.1s,14,13,14,-90,2,63,2.56
189,24d09m33.4s,15d47m5.2s,35,35,35,0,2,76,2.42
190,24d09m33.5s,15d47m2.2s,117,117,117,0,2,78,2.41
191,24d09m33.6s,15d46m49.4s,17,16,17,-90,3,-100,2.47
192,24d09m33.6s,15d47m7.1s,29,29,29,0,2,69,2.42
193,24d09m33.7s,15d48m33.9s,10,10,10,0,3,-39,5.03
194,24d09m34.1s,15d47m13.2s,59,59,59,0,2,56,2.45
195,24d09m34.2s,15d48m33.2s,26,26,26,0,3,-46,4.99
196,24d09m34.5s,15d47m5.9s,25,24,25,0,2,65,2.37
197,24d09m34.7s,15d46m54.7s,22,22,22,0,2,88,2.37
198,24d09m34.7s,15d48m34.0s,25,25,25,0,3,-44,5.02
199,24d09m34.7s,15d46m40.4s,45,45,45,0,2,142,2.55
200,24d09m34.8s,15d48m32.7s,59,59,59,0,3,-53,4.96
201,24d09m34.8s,15d47m4.4s,49,49,49,0,2,64,2.35
202,24d09m34.8s,15d47m15.4s,13,11,12,-90,2,50,2.44
203,24d09m35.0s,15d47m9.6s,36,29,34,-50,2,55,2.37
204,24d09m35.1s,15d46m56.7s,65,61,63,0,2,78,2.34
205,24d09m35.2s,15d46m49.9s,34,24,31,-30,2,100,2.39
206,24d09m35.2s,15d46m49.2s,15,15,15,0,2,103,2.40
207,24d09m35.4s,15d46m59.9s,54,54,54,0,2,67,2.32
208,24d09m35.4s,15d47m15.6s,26,25,26,-90,2,45,2.42
209,24d09m35.7s,15d47m6.3s,60,48,56,0,2,54,2.32
210,24d09m35.8s,15d46m47.1s,29,28,28,0,2,107,2.40
211,24d09m35.8s,15d47m8.1s,49,26,42,0,2,49,2.33
212,24d09m35.8s,15d47m20.5s,56,41,51,10,2,42,2.48
213,24d09m35.8s,15d46m3.3s,36,32,34,0,4,38,3.59
214,24d09m36.0s,15d46m6.3s,19,18,18,-90,4,13,3.48
215,24d09m36.1s,15d46m53.3s,86,69,81,-20,2,79,2.32
216,24d09m36.1s,15d47m54.5s,23,23,23,0,2,142,3.42
217,24d09m36.2s,15d48m36.3s,21,21,21,0,3,-39,5.08
218,24d09m36.2s,15d47m15.9s,21,21,21,0,2,39,2.39
219,24d09m36.3s,15d47m32.3s,28,28,28,0,2,53,2.72
220,24d09m36.5s,15d46m50.4s,17,16,17,-90,2,88,2.32
221,24d09m36.5s,15d46m58.8s,31,19,27,0,2,60,2.27
222,24d09m36.6s,15d46m46.0s,71,47,63,0,2,105,2.38
223,24d09m36.7s,15d48m33.7s,38,38,38,0,3,-59,4.96
224,24d09m36.8s,15d46m39.8s,11,11,11,0,2,129,2.47
225,24d09m36.9s,15d46m57.0s,19,19,19,0,2,62,2.26
226,24d09m37.1s,15d47m1.3s,37,37,37,0,2,51,2.24
227,24d09m37.1s,15d47m21.4s,22,22,22,0,2,31,2.44
228,24d09m37.1s,15d46m7.9s,196,143,178,20,4,-3,3.39
229,24d09m37.1s,15d47m14.3s,39,39,39,0,2,31,2.33
230,24d09m37.2s,15d46m14.9s,57,57,57,0,4,-57,3.14
231,24d09m37.2s,15d46m40.4s,37,37,37,0,2,123,2.44
232,24d09m37.3s,15d46m56.2s,44,28,39,-70,2,62,2.25
233,24d09m37.4s,15d46m23.8s,45,45,45,0,4,-134,2.85
234,24d09m37.4s,15d47m26.5s,33,32,32,0,2,30,2.53
235,24d09m37.5s,15d47m30.5s,50,38,46,0,2,39,2.63
236,24d09m37.6s,15d46m59.8s,35,25,31,-20,2,48,2.22
237,24d09m37.6s,15d46m54.5s,28,27,27,-90,2,63,2.24
238,24d09m37.8s,15d46m45.0s,25,25,25,0,2,100,2.34
239,24d09m37.9s,15d46m39.7s,15,15,15,0,2,122,2.43
240,24d09m38.0s,15d46m40.3s,10,10,10,0,2,118,2.41
241,24d09m38.2s,15d47m18.8s,36,36,36,0,2,21,2.35
242,24d09m38.2s,15d47m27.8s,32,20,28,0,2,28,2.53
243,24d09m38.5s,15d45m57.6s,28,28,28,0,4,79,3.73
244,24d09m38.6s,15d45m59.2s,22,22,22,0,4,66,3.67
245,24d09m38.6s,15d46m10.8s,19,18,19,-90,4,-30,3.24
246,24d09m38.6s,15d46m53.8s,26,25,26,-90,2,58,2.20
247,24d09m38.7s,15d47m26.9s,24,24,24,0,2,23,2.49
248,24d09m38.7s,15d46m55.6s,41,40,41,0,2,51,2.18
249,24d09m39.0s,15d47m28.8s,34,34,34,0,2,21,2.52
250,24d09m39.2s,15d46m57.0s,73,55,67,-50,2,43,2.15
251,24d09m39.3s,15d47m49.5s,48,38,44,50,2,93,3.15
252,24d09m39.3s,15d46m45.4s,45,31,41,-20,2,86,2.27
253,24d09m39.3s,15d46m9.6s,22,20,21,-90,4,-24,3.26
254,24d09m39.3s,15d47m48.4s,17,17,17,0,2,88,3.11
255,24d09m39.5s,15d46m51.8s,204,115,174,-10,2,59,2.18
256,24d09m39.5s,15d46m58.0s,17,17,17,0,2,38,2.14
257,24d09m39.5s,15d46m55.4s,17,14,16,-90,2,45,2.15
258,24d09m39.6s,15d47m25.5s,45,44,45,0,2,9,2.42
259,24d09m39.7s,15d46m54.2s,20,19,20,-90,2,47,2.14
260,24d09m39.9s,15d45m57.8s,24,24,24,0,4,75,3.69
261,24d09m40.0s,15d47m27.1s,40,40,40,0,2,13,2.45
262,24d09m40.2s,15d47m47.9s,48,34,43,60,2,79,3.06
263,24d09m40.2s,15d47m28.8s,33,33,33,0,2,11,2.48
264,24d09m40.4s,15d45m55.0s,98,98,98,0,4,99,3.78
265,24d09m40.5s,15d46m58.9s,40,31,37,0,2,28,2.09
266,24d09m40.6s,15d47m2.5s,20,20,20,0,2,21,2.08
267,24d09m40.6s,15d46m10.4s,27,27,27,0,4,-33,3.19
268,24d09m40.7s,15d46m57.7s,24,23,23,0,2,29,2.08
269,24d09m40.8s,15d46m55.7s,15,14,15,-90,2,34,2.09
270,24d09m40.8s,15d46m56.9s,35,27,32,0,2,32,2.08
271,24d09m40.9s,15d47m10.1s,30,30,30,0,2,5,2.11
272,24d09m41.0s,15d47m23.7s,26,26,26,0,2,-3,2.32
273,24d09m41.1s,15d46m45.7s,24,24,24,0,2,71,2.18
274,24d09m41.2s,15d46m58.2s,21,21,21,0,2,23,2.06
275,24d09m41.3s,15d46m43.1s,13,13,13,0,2,80,2.22
276,24d09m41.5s,15d47m12.1s,46,46,46,0,2,-3,2.11
277,24d09m41.6s,15d45m50.7s,23,23,23,0,4,132,3.93
278,24d09m41.6s,15d47m23.5s,16,16,16,0,2,-8,2.30
279,24d09m41.7s,15d47m0.0s,36,36,36,0,2,15,2.03
280,24d09m41.7s,15d46m42.9s,10,10,10,0,2,78,2.21
281,24d09m41.8s,15d46m56.3s,19,19,19,0,2,24,2.04
282,24d09m41.8s,15d45m48.7s,180,101,154,-60,4,149,4.01
283,24d09m41.8s,15d45m46.7s,60,44,55,-50,4,166,4.09
284,24d09m41.9s,15d47m51.0s,17,17,17,0,2,85,3.12
285,24d09m41.9s,15d46m43.3s,10,10,10,0,2,75,2.19
286,24d09m41.9s,15d47m10.9s,35,35,35,0,2,-4,2.07
287,24d09m42.0s,15d47m49.0s,95,63,84,-40,2,72,3.05
288,24d09m42.0s,15d46m8.3s,58,58,58,0,4,-18,3.22
289,24d09m42.2s,15d47m18.7s,83,52,73,0,2,-13,2.18
290,24d09m42.2s,15d47m47.3s,25,25,25,0,2,61,2.98
291,24d09m42.2s,15d45m59.8s,26,26,26,0,4,53,3.55
292,24d09m42.4s,15d46m57.1s,35,27,33,0,2,19,2.01
293,24d09m42.4s,15d46m55.5s,25,18,23,60,2,22,2.02
294,24d09m42.4s,15d47m2.8s,30,30,30,0,2,5,2
295,24d09m42.5s,15d45m51.1s,30,24,28,-20,4,126,3.89
296,24d09m42.5s,15d47m1.3s,23,20,22,-90,2,4,1.99
297,24d09m42.7s,15d46m49.6s,23,17,21,0,2,44,2.06
298,24d09m42.7s,15d48m31.1s,49,49,49,0,3,-112,4.73
299,24d09m42.8s,15d47m50.3s,38,38,38,0,2,75,3.07
300,24d09m42.8s,15d46m54.0s,24,19,22,0,2,25,2.01
301,24d09m42.8s,15d46m39.4s,31,28,30,0,2,89,2.23
302,24d09m42.8s,15d47m15.2s,90,69,83,0,2,-19,2.09
303,24d09m42.9s,15d47m22.8s,52,47,50,-90,2,-19,2.23
304,24d09m42.9s,15d47m12.6s,38,38,38,0,2,-12,2.05
305,24d09m43.0s,15d46m53.2s,15,14,15,-90,2,27,2
306,24d09m43.1s,15d47m48.2s,39,24,34,-40,2,59,2.98
307,24d09m43.2s,15d46m52.5s,12,9,11,60,2,27,2
308,24d09m43.3s,15d47m20.7s,52,48,51,25,2,-22,2.17
309,24d09m43.4s,15d47m0.0s,25,23,24,-90,2,3,1.95
310,24d09m43.5s,15d46m10.0s,34,28,32,0,4,-36,3.12
311,24d09m43.6s,15d47m6.9s,53,48,51,20,2,-11,1.96
312,24d09m43.6s,15d46m57.0s,22,16,20,-90,2,8,1.95
313,24d09m43.9s,15d48m31.3s,29,29,29,0,3,-118,4.71
314,24d09m43.9s,15d45m52.4s,24,24,24,0,4,112,3.80
315,24d09m43.9s,15d46m51.5s,18,17,18,0,2,26,1.98
316,24d09m44.0s,15d46m8.6s,12,11,12,-90,4,-23,3.16
317,24d09m44.0s,15d47m31.5s,16,16,16,0,2,-9,2.41
318,24d09m44.0s,15d46m56.0s,21,21,21,0,2,8,1.94
319,24d09m44.0s,15d45m51.3s,35,29,33,-20,4,122,3.85
320,24d09m44.2s,15d47m1.9s,33,31,33,-90,2,-10,1.91
321,24d09m44.2s,15d47m26.9s,39,39,39,0,2,-24,2.27
322,24d09m44.4s,15d48m0.4s,29,29,29,0,2,129,3.41
323,24d09m44.4s,15d47m35.4s,55,50,53,0,2,-6,2.51
324,24d09m44.6s,15d46m10.7s,18,18,18,0,4,-42,3.06
325,24d09m44.7s,15d47m29.8s,89,80,86,-90,2,-19,2.34
326,24d09m44.8s,15d45m50.1s,30,28,29,0,4,130,3.88
327,24d09m44.8s,15d48m38.6s,27,27,27,0,3,-78,5.02
328,24d09m44.9s,15d48m32.5s,19,19,19,0,3,-116,4.75
329,24d09m44.9s,15d48m11.8s,21,20,21,-90,2,203,3.86
330,24d09m44.9s,15d46m50.8s,31,31,31,0,2,21,1.94
331,24d09m45.0s,15d46m58.4s,27,25,27,0,2,-3,1.88
332,24d09m45.0s,15d46m8.5s,45,45,45,0,4,-24,3.14
333,24d09m45.0s,15d46m54.8s,30,25,28,0,2,5,1.90
334,24d09m45.0s,15d46m19.6s,14,14,14,0,4,-121,2.73
335,24d09m45.0s,15d46m9.8s,25,25,25,0,4,-35,3.09
336,24d09m45.0s,15d46m44.4s,14,14,14,0,2,47,2.04
337,24d09m45.1s,15d46m57.2s,31,20,28,75,2,-5,1.88
338,24d09m45.1s,15d47m31.8s,55,44,51,20,2,-18,2.38
339,24d09m45.2s,15d45m52.1s,33,33,33,0,4,113,3.79
340,24d09m45.2s,15d46m2.8s,70,48,63,-15,4,21,3.35
341,24d09m45.2s,15d47m1.1s,40,27,35,-90,2,-13,1.87
342,24d09m45.2s,15d48m1.0s,26,26,26,0,2,128,3.41
343,24d09m45.4s,15d46m4.5s,32,32,32,0,4,6,3.28
344,24d09m45.4s,15d46m59.8s,15,11,14,0,2,-13,1.86
345,24d09m45.4s,15d47m21.6s,35,31,34,-90,2,-41,2.10
346,24d09m45.5s,15d47m33.5s,34,34,34,0,2,-19,2.42
347,24d09m45.5s,15d46m0.7s,19,19,19,0,4,36,3.43
348,24d09m45.6s,15d48m39.1s,28,28,28,0,3,-79,5.03
349,24d09m45.6s,15d46m1.5s,33,26,31,30,4,29,3.39
350,24d09m45.7s,15d46m41.4s,51,46,50,0,2,59,2.07
351,24d09m45.8s,15d46m21.7s,25,25,25,0,4,-142,2.63
352,24d09m45.8s,15d46m10.7s,11,11,11,0,4,-45,3.03
353,24d09m45.8s,15d47m0.2s,14,14,14,0,2,-17,1.84
354,24d09m45.8s,15d46m22.9s,15,15,15,0,4,-152,2.59
355,24d09m45.9s,15d46m59.2s,20,14,18,70,2,-14,1.84
356,24d09m45.9s,15d47m30.2s,32,32,32,0,2,-26,2.30
357,24d09m45.9s,15d47m22.8s,32,32,32,0,2,-45,2.11
358,24d09m45.9s,15d46m10.2s,19,14,17,0,4,-41,3.05
359,24d09m46.0s,15d46m38.6s,36,36,36,0,2,73,2.12
360,24d09m46.1s,15d47m0.9s,18,18,18,0,2,-20,1.83
361,24d09m46.1s,15d47m56.3s,53,35,47,0,2,93,3.21
362,24d09m46.2s,15d46m9.2s,12,11,12,0,4,-35,3.08
363,24d09m46.2s,15d46m7.0s,16,15,16,-90,4,-15,3.16
364,24d09m46.2s,15d46m59.7s,29,28,28,0,2,-19,1.82
365,24d09m46.2s,15d47m24.9s,34,34,34,0,2,-42,2.15
366,24d09m46.4s,15d47m14.8s,48,43,46,-90,2,-47,1.93
367,24d09m46.4s,15d46m55.9s,45,45,45,0,2,-9,1.83
368,24d09m46.4s,15d47m42.9s,38,38,38,0,2,11,2.69
369,24d09m46.4s,15d46m44.3s,44,44,44,0,2,39,1.98
370,24d09m46.5s,15d46m52.7s,29,29,29,0,2,4,1.85
371,24d09m46.5s,15d46m10.0s,11,10,11,-90,4,-42,3.04
372,24d09m46.6s,15d47m13.6s,45,45,45,0,2,-45,1.90
373,24d09m46.6s,15d47m17.6s,37,34,36,-90,2,-51,1.97
374,24d09m46.8s,15d46m1.5s,16,15,16,0,4,27,3.36
375,24d09m46.8s,15d45m53.7s,22,22,22,0,4,97,3.68
376,24d09m46.8s,15d48m2.5s,12,11,11,-90,2,127,3.44
377,24d09m46.9s,15d46m57.1s,101,62,88,60,2,-16,1.80
378,24d09m47.0s,15d46m6.8s,12,12,12,0,4,-15,3.15
379,24d09m47.0s,15d47m47.1s,28,28,28,0,2,28,2.83
380,24d09m47.0s,15d46m11.4s,20,19,20,-90,4,-55,2.97
381,24d09m47.1s,15d47m30.5s,21,20,21,0,2,-36,2.27
382,24d09m47.3s,15d47m11.7s,55,53,54,-90,2,-50,1.84
383,24d09m47.3s,15d46m51.9s,19,19,19,0,2,4,1.83
384,24d09m47.5s,15d47m20.0s,61,37,53,-65,2,-58,1.98
385,24d09m47.6s,15d46m2.3s,27,21,25,0,4,20,3.31
386,24d09m47.8s,15d46m53.1s,29,29,29,0,2,-7,1.79
387,24d09m47.8s,15d47m56.6s,22,22,22,0,2,84,3.17
388,24d09m47.8s,15d46m50.0s,33,24,30,-90,2,5,1.83
389,24d09m47.9s,15d47m30.7s,16,15,16,-90,2,-43,2.24
390,24d09m48.0s,15d47m42.6s,118,98,111,30,2,-3,2.64
391,24d09m48.0s,15d46m57.9s,28,20,25,60,2,-28,1.75
392,24d09m48.1s,15d48m2.0s,37,37,37,0,2,116,3.38
393,24d09m48.3s,15d46m0.3s,48,48,48,0,4,37,3.37
394,24d09m48.3s,15d45m57.1s,16,16,16,0,4,63,3.51
395,24d09m48.4s,15d47m44.5s,44,44,44,0,2,4,2.69
396,24d09m48.4s,15d47m47.0s,18,17,17,0,2,18,2.78
397,24d09m48.5s,15d46m47.4s,41,39,40,-90,2,7,1.84
398,24d09m48.6s,15d46m10.5s,17,16,17,-90,4,-52,2.96
399,24d09m48.7s,15d47m37.6s,65,55,62,-51,2,-28,2.44
400,24d09m48.8s,15d47m56.4s,23,23,23,0,2,76,3.14
401,24d09m48.8s,15d45m46.5s,39,39,39,0,4,156,3.94
402,24d09m48.9s,15d47m57.1s,26,26,26,0,2,80,3.17
403,24d09m48.9s,15d46m3.4s,32,31,32,-90,4,10,3.24
404,24d09m48.9s,15d45m48.6s,24,24,24,0,4,137,3.86
405,24d09m48.9s,15d46m5.6s,32,20,28,-50,4,-10,3.15
406,24d09m49.1s,15d46m10.6s,7,7,7,0,4,-54,2.95
407,24d09m49.1s,15d46m1.5s,18,16,18,0,4,25,3.31
408,24d09m49.1s,15d47m26.8s,18,18,18,0,2,-63,2.09
409,24d09m49.1s,15d47m55.2s,24,24,24,0,2,66,3.08
410,24d09m49.2s,15d47m49.6s,19,19,19,0,2,30,2.86
411,24d09m49.2s,15d47m27.3s,12,12,12,0,2,-62,2.10
412,24d09m49.4s,15d47m46.3s,14,14,14,0,2,8,2.73
413,24d09m49.5s,15d47m2.6s,27,26,26,-90,2,-52,1.67
414,24d09m49.5s,15d46m49.6s,53,37,48,-10,2,-9,1.76
415,24d09m49.7s,15d47m47.6s,43,40,42,0,2,15,2.77
416,24d09m49.7s,15d46m51.7s,97,78,91,60,2,-17,1.72
417,24d09m49.7s,15d45m49.2s,40,40,40,0,4,131,3.81
418,24d09m49.8s,15d47m43.8s,33,33,33,0,2,-10,2.63
419,24d09m49.8s,15d47m56.1s,17,17,17,0,2,68,3.10
420,24d09m49.8s,15d46m13.0s,19,18,19,-90,4,-76,2.83
421,24d09m49.8s,15d46m56.6s,12,10,11,-90,2,-37,1.67
422,24d09m49.8s,15d47m57.8s,18,18,18,0,2,79,3.17
423,24d09m49.8s,15d46m1.1s,31,20,27,-40,4,25,3.31
424,24d09m49.9s,15d46m48.6s,30,21,27,-20,2,-5,1.76
425,24d09m49.9s,15d46m17.3s,23,23,23,0,4,-112,2.67
426,24d09m49.9s,15d46m2.9s,18,17,18,-90,4,11,3.23
427,24d09m50.0s,15d48m8.5s,381,282,348,-60,2,153,3.61
428,24d09m50.0s,15d47m46.2s,14,14,14,0,2,6,2.71
429,24d09m50.0s,15d46m9.3s,23,21,22,0,4,-43,2.97
430,24d09m50.1s,15d46m54.1s,44,43,44,-90,2,-29,1.68
431,24d09m50.2s,15d45m55.0s,22,22,22,0,4,79,3.56
432,24d09m50.2s,15d46m2.4s,19,18,19,0,4,13,3.25
433,24d09m50.2s,15d46m5.0s,15,15,15,0,4,-4,3.14
434,24d09m50.3s,15d46m16.4s,17,17,17,0,4,-106,2.69
435,24d09m50.4s,15d45m44.8s,15,15,15,0,4,170,3.99
436,24d09m50.4s,15d45m44.2s,15,15,15,0,4,174,4.01
437,24d09m50.4s,15d47m48.9s,16,16,16,0,2,19,2.80
438,24d09m50.5s,15d45m43.2s,52,52,52,0,4,184,4.06
439,24d09m50.5s,15d46m22.0s,48,48,48,0,4,-155,2.48
440,24d09m50.7s,15d46m41.6s,15,15,15,0,2,26,1.87
441,24d09m50.7s,15d46m10.2s,20,20,20,0,4,-51,2.92
442,24d09m50.7s,15d45m58.7s,30,22,27,-90,4,45,3.39
443,24d09m50.7s,15d46m55.5s,18,16,17,-90,2,-39,1.64
444,24d09m50.7s,15d47m46.3s,19,18,18,-90,2,0,2.69
445,24d09m50.8s,15d47m42.8s,29,29,29,0,2,-21,2.56
446,24d09m50.8s,15d46m48.0s,18,18,18,0,2,-11,1.73
447,24d09m50.9s,15d46m5.6s,12,11,12,-90,4,-12,3.10
448,24d09m50.9s,15d47m31.0s,17,17,17,0,2,-69,2.15
449,24d09m51.0s,15d46m50.2s,17,17,17,0,2,-21,1.68
450,24d09m51.0s,15d47m38.5s,60,42,54,-90,2,-39,2.40
451,24d09m51.1s,15d45m44.8s,17,17,17,0,4,168,3.98
452,24d09m51.1s,15d46m51.1s,14,14,14,0,2,-24,1.67
453,24d09m51.1s,15d47m41.8s,18,17,17,-90,2,-26,2.51
454,24d09m51.1s,15d46m45.9s,16,16,16,0,2,-4,1.75
455,24d09m51.1s,15d46m58.7s,18,17,18,-90,2,-55,1.60
456,24d09m51.2s,15d46m11.3s,14,13,14,-80,4,-62,2.86
457,24d09m51.2s,15d47m26.6s,79,65,75,-30,2,-81,2
458,24d09m51.3s,15d47m48.7s,25,25,25,0,2,12,2.77
459,24d09m51.4s,15d47m45.4s,17,16,17,-90,2,-9,2.64
460,24d09m51.4s,15d46m7.8s,248,152,216,0,4,-31,3
461,24d09m51.5s,15d47m46.1s,22,22,22,0,2,-6,2.67
462,24d09m51.5s,15d45m58.2s,17,17,17,0,4,49,3.39
463,24d09m51.5s,15d46m51.6s,36,26,33,0,2,-30,1.64
464,24d09m51.6s,15d46m9.0s,10,10,10,-90,4,-42,2.94
465,24d09m51.6s,15d47m24.9s,24,23,24,-90,2,-88,1.94
466,24d09m51.6s,15d46m0.4s,30,30,30,0,4,30,3.30
467,24d09m51.7s,15d47m52.5s,27,27,27,0,2,34,2.91
468,24d09m51.8s,15d46m57.9s,18,16,17,-90,2,-57,1.57
469,24d09m51.9s,15d46m10.1s,35,28,32,-90,4,-52,2.89
470,24d09m51.9s,15d46m39.3s,22,22,22,0,2,32,1.88
471,24d09m52.0s,15d47m48.1s,19,19,19,0,2,4,2.73
472,24d09m52.0s,15d46m40.1s,24,22,23,0,2,27,1.85
473,24d09m52.0s,15d47m47.0s,38,32,36,50,2,-4,2.69
474,24d09m52.0s,15d47m42.6s,24,24,24,0,2,-31,2.52
475,24d09m52.1s,15d46m2.3s,28,28,28,0,4,13,3.21
476,24d09m52.1s,15d46m50.3s,36,36,36,0,2,-29,1.63
477,24d09m52.2s,15d47m55.8s,47,47,47,0,2,52,3.03
478,24d09m52.3s,15d47m29.1s,26,26,26,0,2,-82,2.04
479,24d09m52.3s,15d47m35.7s,33,33,33,0,2,-62,2.26
480,24d09m52.4s,15d47m44.9s,54,33,47,-30,2,-18,2.59
481,24d09m52.4s,15d45m58.1s,21,21,21,0,4,50,3.38
482,24d09m52.5s,15d45m53.2s,245,190,227,0,4,92,3.59
483,24d09m52.5s,15d46m37.4s,41,41,41,0,2,41,1.90
484,24d09m52.5s,15d45m59.0s,25,25,25,0,4,42,3.33
485,24d09m52.7s,15d46m10.6s,6,6,6,0,4,-59,2.85
486,24d09m52.7s,15d46m49.9s,14,14,14,0,2,-32,1.61
487,24d09m52.8s,15d47m41.7s,35,33,34,-90,2,-40,2.46
488,24d09m52.9s,15d46m9.1s,23,21,22,0,4,-48,2.91
489,24d09m52.9s,15d46m4.0s,31,31,31,0,4,-3,3.12
490,24d09m53.0s,15d47m36.7s,17,16,17,-90,2,-62,2.27
491,24d09m53.0s,15d46m11.7s,12,11,12,0,4,-69,2.80
492,24d09m53.0s,15d47m59.0s,24,24,24,0,2,67,3.15
493,24d09m53.0s,15d47m58.2s,13,13,13,0,2,61,3.11
494,24d09m53.2s,15d46m49.4s,55,29,46,-30,2,-35,1.60
495,24d09m53.3s,15d46m38.5s,20,20,20,0,2,29,1.85
496,24d09m53.3s,15d46m22.6s,37,37,37,0,2,136,2.37
497,24d09m53.3s,15d46m9.8s,13,10,12,0,4,-54,2.87
498,24d09m53.4s,15d45m44.7s,82,82,82,0,4,165,3.94
499,24d09m53.4s,15d45m59.4s,37,37,37,0,4,37,3.30
500,24d09m53.4s,15d45m55.2s,51,51,51,0,4,72,3.48
501,24d09m53.5s,15d46m10.2s,11,11,11,0,4,-58,2.85
502,24d09m53.5s,15d47m40.2s,20,19,19,-90,2,-52,2.38
503,24d09m53.6s,15d46m47.9s,20,20,20,0,2,-28,1.61
504,24d09m53.6s,15d46m11.9s,11,11,11,0,4,-73,2.78
505,24d09m53.7s,15d45m58.2s,24,24,24,0,4,45,3.34
506,24d09m53.7s,15d47m46.0s,22,22,22,0,2,-20,2.60
507,24d09m53.8s,15d46m48.8s,22,21,22,-90,2,-34,1.59
508,24d09m53.8s,15d47m48.1s,38,38,38,0,2,-7,2.68
509,24d09m54.0s,15d46m2.2s,26,20,24,-90,4,14,3.17
510,24d09m54.0s,15d47m37.1s,26,26,26,0,2,-68,2.26
511,24d09m54.1s,15d47m39.3s,34,34,34,0,2,-59,2.34
512,24d09m54.2s,15d46m8.9s,16,16,16,-90,4,-46,2.88
513,24d09m54.3s,15d46m13.3s,59,41,53,80,4,-86,2.70
514,24d09m54.3s,15d47m45.3s,29,20,26,-90,2,-28,2.56
515,24d09m54.3s,15d46m1.2s,34,29,32,20,4,19,3.20
516,24d09m54.4s,15d46m39.5s,35,29,33,60,2,16,1.78
517,24d09m54.5s,15d46m13.1s,16,16,16,0,4,-84,2.71
518,24d09m54.7s,15d48m0.1s,23,22,23,-90,2,69,3.16
519,24d09m54.7s,15d46m24.7s,65,65,65,0,2,113,2.25
520,24d09m54.7s,15d46m7.8s,17,15,17,-20,4,-37,2.92
521,24d09m54.7s,15d48m1.8s,47,47,47,0,2,80,3.23
522,24d09m54.8s,15d47m46.2s,19,18,18,-90,2,-25,2.58
523,24d09m54.8s,15d47m49.1s,28,28,28,0,2,-8,2.70
524,24d09m54.8s,15d47m58.5s,39,39,39,0,2,55,3.09
525,24d09m54.8s,15d46m10.2s,24,23,24,0,4,-58,2.82
526,24d09m54.8s,15d45m54.4s,25,25,25,0,4,77,3.49
527,24d09m54.9s,15d47m0.1s,13,13,13,0,2,-90,1.43
528,24d09m54.9s,15d46m44.5s,15,15,15,0,2,-18,1.63
529,24d09m54.9s,15d46m15.3s,64,47,58,0,4,-104,2.61
530,24d09m55.0s,15d46m2.7s,36,26,33,-90,4,5,3.13
531,24d09m55.1s,15d46m38.4s,24,24,24,0,2,19,1.78
532,24d09m55.2s,15d46m46.3s,61,54,59,0,2,-31,1.58
533,24d09m55.2s,15d46m4.7s,29,19,26,-90,4,-9,3.04
534,24d09m55.3s,15d47m38.6s,31,31,31,0,2,-71,2.28
535,24d09m55.4s,15d46m43.0s,37,32,36,80,2,-12,1.65
536,24d09m55.4s,15d46m8.8s,32,26,30,-30,4,-45,2.86
537,24d09m55.4s,15d47m59.4s,28,27,27,-90,2,59,3.11
538,24d09m55.4s,15d46m1.0s,33,26,30,-90,4,17,3.19
539,24d09m55.4s,15d47m45.3s,28,26,28,-90,2,-34,2.53
540,24d09m55.5s,15d48m0.5s,20,20,20,0,2,66,3.16
541,24d09m55.6s,15d46m3.9s,30,28,29,0,4,-7,3.06
542,24d09m55.7s,15d46m21.6s,23,23,23,0,2,129,2.34
543,24d09m55.9s,15d46m7.4s,31,30,31,0,4,-34,2.91
544,24d09m55.9s,15d46m37.5s,59,40,53,0,2,20,1.78
545,24d09m55.9s,15d46m8.0s,9,9,9,0,4,-40,2.88
546,24d09m56.1s,15d46m59.7s,13,13,13,0,2,-98,1.37
547,24d09m56.2s,15d47m1.8s,56,42,51,-90,2,-105,1.37
548,24d09m56.3s,15d46m2.3s,32,32,32,0,4,6,3.12
549,24d09m56.4s,15d46m5.1s,33,32,32,-90,4,-19,3
550,24d09m56.5s,15d46m11.6s,25,25,25,0,4,-72,2.72
551,24d09m56.5s,15d46m13.5s,39,33,37,10,4,-89,2.64
552,24d09m56.5s,15d46m54.1s,20,19,20,-90,2,-79,1.39
553,24d09m56.5s,15d45m55.0s,16,16,16,0,4,72,3.43
554,24d09m56.5s,15d47m48.8s,48,34,43,60,2,-19,2.64
555,24d09m56.6s,15d48m5.7s,16,16,16,0,2,101,3.36
556,24d09m56.7s,15d46m0.1s,30,27,29,-90,4,26,3.21
557,24d09m56.8s,15d46m15.0s,14,14,14,0,4,-103,2.57
558,24d09m57.0s,15d47m46.7s,70,54,64,-60,2,-35,2.55
559,24d09m57.0s,15d46m42.9s,16,16,16,0,2,-21,1.58
560,24d09m57.1s,15d46m3.5s,30,28,29,-90,4,-4,3.05
561,24d09m57.1s,15d46m26.4s,46,46,46,0,2,88,2.12
562,24d09m57.1s,15d46m10.1s,34,26,31,0,4,-61,2.77
563,24d09m57.1s,15d48m7.0s,18,17,18,-90,2,109,3.41
564,24d09m57.2s,15d46m50.9s,33,32,33,-90,2,-69,1.40
565,24d09m57.3s,15d46m4.9s,16,14,15,0,4,-17,2.99
566,24d09m57.3s,15d46m15.0s,45,39,43,-90,4,-103,2.56
567,24d09m57.3s,15d46m7.5s,25,22,24,30,4,-41,2.87
568,24d09m57.3s,15d46m37.7s,21,21,21,0,2,10,1.72
569,24d09m57.4s,15d46m4.4s,20,17,19,0,4,-12,3.01
570,24d09m57.5s,15d46m9.1s,21,15,19,-30,4,-54,2.80
571,24d09m57.5s,15d46m40.3s,16,16,16,0,2,-7,1.64
572,24d09m57.6s,15d48m16.4s,24,24,24,0,2,183,3.82
573,24d09m57.7s,15d47m49.4s,13,13,13,0,2,-22,2.64
574,24d09m57.8s,15d45m58.5s,25,25,25,0,4,39,3.25
575,24d09m57.8s,15d45m53.8s,22,22,22,0,4,79,3.46
576,24d09m57.9s,15d46m12.4s,38,23,33,-60,4,-82,2.66
577,24d09m57.9s,15d47m48.1s,23,15,20,0,2,-32,2.58
578,24d09m57.9s,15d46m5.6s,26,24,25,-90,4,-23,2.95
579,24d09m57.9s,15d46m13.8s,138,98,125,-30,4,-94,2.60
580,24d09m57.9s,15d47m46.2s,17,15,16,-90,2,-44,2.51
581,24d09m57.9s,15d47m48.9s,12,11,11,0,2,-27,2.62
582,24d09m57.9s,15d46m56.3s,23,22,23,0,2,-99,1.30
583,24d09m58.0s,15d47m59.2s,165,136,156,-60,2,46,3.05
584,24d09m58.0s,15d46m0.8s,26,26,26,0,4,19,3.15
585,24d09m58.1s,15d48m1.8s,10,10,10,0,2,64,3.16
586,24d09m58.1s,15d46m4.7s,22,17,21,-60,4,-16,2.98
587,24d09m58.3s,15d45m9.7s,24,24,24,0,2,-314,5.46
588,24d09m58.4s,15d45m49.7s,17,17,17,0,4,114,3.64
589,24d09m58.5s,15d47m52.9s,26,26,26,0,2,-1,2.77
590,24d09m58.5s,15d47m49.2s,15,14,15,0,2,-29,2.61
591,24d09m58.5s,15d46m8.3s,29,27,28,0,4,-48,2.82
592,24d09m58.6s,15d46m34.8s,30,20,27,0,2,20,1.77
593,24d09m58.7s,15d47m47.5s,14,14,14,0,2,-40,2.54
594,24d09m58.9s,15d46m38.4s,24,22,23,0,2,-3,1.65
595,24d09m58.9s,15d48m1.6s,23,23,23,0,2,59,3.14
596,24d09m58.9s,15d46m56.3s,20,18,19,-90,2,-106,1.26
597,24d09m59.1s,15d47m38.4s,31,29,30,-90,2,-101,2.16
598,24d09m59.2s,15d46m11.0s,21,21,21,-49,4,-72,2.69
599,24d09m59.2s,15d46m52.4s,56,29,47,-85,2,-90,1.30
600,24d09m59.5s,15d46m15.9s,16,16,16,0,4,-116,2.48
601,24d09m59.5s,15d46m42.5s,16,16,16,0,2,-34,1.50
602,24d09m59.6s,15d48m31.3s,49,49,49,0,1,-185,4.47
603,24d09m59.7s,15d48m0.8s,35,35,35,0,2,49,3.09
604,24d09m59.8s,15d48m2.2s,22,22,22,0,2,60,3.15
605,24d09m59.8s,15d46m33.3s,45,30,40,-20,2,28,1.79
606,24d09m59.9s,15d46m15.2s,25,16,22,40,4,-110,2.49
607,24d10m0.0s,15d46m3.5s,132,99,121,-50,4,-7,2.99
608,24d10m0.1s,15d46m13.1s,16,15,16,-90,4,-91,2.58
609,24d10m0.3s,15d48m2.5s,14,14,14,0,2,61,3.16
610,24d10m0.3s,15d45m55.0s,48,48,48,0,4,65,3.37
611,24d10m0.5s,15d47m58.1s,16,15,16,-90,2,24,2.96
612,24d10m0.7s,15d46m31.8s,40,40,40,0,2,31,1.81
613,24d10m0.9s,15d46m34.2s,27,24,26,-20,2,15,1.72
614,24d10m1.0s,15d48m3.1s,34,34,34,0,2,62,3.17
615,24d10m1.1s,15d46m28.9s,35,35,35,0,2,49,1.91
616,24d10m1.1s,15d46m12.6s,33,28,31,-60,4,-87,2.58
617,24d10m1.4s,15d47m57.7s,25,24,25,-90,2,17,2.92
618,24d10m1.4s,15d46m24.4s,25,25,25,0,2,85,2.08
619,24d10m1.6s,15d46m30.8s,28,28,28,0,2,32,1.83
620,24d10m1.6s,15d48m4.6s,20,20,20,0,2,72,3.23
621,24d10m1.7s,15d45m44.1s,124,123,123,-30,4,156,3.84
622,24d10m1.7s,15d47m39.2s,87,71,81,80,2,-112,2.13
623,24d10m1.8s,15d48m1.6s,26,26,26,0,2,47,3.09
624,24d10m2.0s,15d46m2.6s,15,14,15,-90,4,-4,3
625,24d10m2.0s,15d45m42.0s,47,46,47,-90,4,174,3.93
626,24d10m2.1s,15d46m5.4s,13,12,13,0,4,-28,2.88
627,24d10m2.1s,15d46m32.8s,45,45,45,0,2,16,1.74
628,24d10m2.3s,15d45m53.6s,73,58,68,85,4,72,3.40
629,24d10m2.3s,15d48m2.9s,28,27,28,-90,2,56,3.14
630,24d10m2.4s,15d46m36.1s,25,24,25,-90,2,-6,1.61
631,24d10m2.4s,15d46m37.9s,29,24,27,-70,2,-17,1.55
632,24d10m2.4s,15d46m3.0s,12,11,12,-90,4,-6,2.98
633,24d10m2.5s,15d46m44.0s,21,19,20,-90,2,-62,1.35
634,24d10m2.5s,15d47m17.5s,36,23,32,-90,4,186,1.33
635,24d10m2.5s,15d47m11.8s,40,29,36,70,2,-179,1.19
636,24d10m2.5s,15d47m54.4s,25,25,25,0,2,-11,2.76
637,24d10m2.6s,15d46m4.4s,20,18,19,0,4,-19,2.91
638,24d10m2.7s,15d48m11.6s,24,24,24,0,2,128,3.53
639,24d10m2.7s,15d46m41.3s,65,50,60,0,2,-45,1.43
640,24d10m2.8s,15d48m1.7s,30,30,30,0,2,45,3.08
641,24d10m2.9s,15d46m4.8s,13,13,13,0,4,-23,2.89
642,24d10m3.3s,15d46m35.4s,28,28,28,0,2,-7,1.61
643,24d10m3.4s,15d48m17.2s,29,29,29,0,2,173,3.77
644,24d10m3.4s,15d47m56.6s,25,25,25,0,2,4,2.84
645,24d10m3.5s,15d46m36.1s,12,12,12,0,2,-13,1.57
646,24d10m3.6s,15d46m27.1s,45,45,45,0,2,58,1.92
647,24d10m3.7s,15d46m31.4s,45,45,45,0,2,19,1.75
648,24d10m3.9s,15d47m16.7s,90,67,82,-90,4,177,1.25
649,24d10m3.9s,15d46m53.1s,21,21,21,0,2,-126,1.08
650,24d10m3.9s,15d46m8.0s,39,32,37,-90,4,-52,2.73
651,24d10m3.9s,15d47m14.5s,48,48,48,0,4,185,1.19
652,24d10m4.0s,15d46m51.6s,23,19,22,0,2,119,1.10
653,24d10m4.4s,15d46m42.7s,57,43,52,-40,2,-63,1.32
654,24d10m4.5s,15d48m12.1s,34,34,34,0,2,127,3.53
655,24d10m4.6s,15d48m23.3s,38,38,38,0,1,-180,4.04
656,24d10m4.9s,15d46m30.6s,28,28,28,0,2,28,1.75
657,24d10m4.9s,15d47m14.2s,16,16,16,0,4,180,1.15
658,24d10m5.0s,15d46m52.5s,19,19,19,0,2,-131,1.04
659,24d10m5.0s,15d47m25.6s,24,24,24,0,4,153,1.51
660,24d10m5.0s,15d45m59.6s,39,39,39,0,4,17,3.09
661,24d10m5.1s,15d46m51.0s,37,36,37,0,2,122,1.07
662,24d10m5.1s,15d46m37.8s,31,31,31,0,2,-33,1.47
663,24d10m5.1s,15d48m10.5s,69,44,61,-50,2,112,3.45
664,24d10m5.2s,15d46m1.0s,28,28,28,0,4,5,3.02
665,24d10m5.3s,15d46m31.6s,21,20,21,0,2,21,1.70
666,24d10m5.3s,15d46m27.4s,23,22,23,0,2,56,1.87
667,24d10m5.5s,15d46m34.1s,23,21,22,0,2,-13,1.60
668,24d10m5.5s,15d46m53.7s,17,17,17,0,2,141,1
669,24d10m5.8s,15d47m53.6s,27,27,27,0,2,-29,2.67
670,24d10m5.8s,15d46m52.1s,25,23,24,0,2,134,1.02
671,24d10m5.9s,15d46m13.0s,26,24,25,0,4,-100,2.47
672,24d10m6.0s,15d46m31.9s,23,21,23,-90,2,22,1.67
673,24d10m6.0s,15d47m25.2s,27,27,27,0,4,144,1.47
674,24d10m6.1s,15d47m0.2s,36,36,36,0,2,-177,0.91
675,24d10m6.1s,15d46m49.7s,29,18,25,0,2,120,1.06
676,24d10m6.1s,15d48m38.5s,30,30,30,0,1,124,4.73
677,24d10m6.4s,15d47m56.4s,39,39,39,0,2,-10,2.78
678,24d10m6.4s,15d47m45.4s,28,25,27,-90,2,-94,2.30
679,24d10m6.4s,15d46m51.1s,32,23,29,0,2,131,1.01
680,24d10m6.5s,15d46m36.8s,20,20,20,0,2,-36,1.46
681,24d10m6.5s,15d46m11.4s,20,13,18,0,4,-87,2.53
682,24d10m6.6s,15d46m53.1s,39,23,34,0,2,144,0.97
683,24d10m6.7s,15d48m3.6s,29,29,29,0,2,49,3.11
684,24d10m6.8s,15d48m44.4s,51,51,51,0,1,137,5.01
685,24d10m6.8s,15d46m58.8s,49,35,45,0,2,178,0.88
686,24d10m6.9s,15d46m36.1s,26,26,26,0,2,-33,1.48
687,24d10m7.1s,15d45m9.0s,36,36,36,0,2,-294,5.42
688,24d10m7.1s,15d47m54.6s,83,63,76,30,2,-26,2.69
689,24d10m7.2s,15d46m46.5s,47,47,47,0,2,-105,1.11
690,24d10m7.2s,15d47m50.0s,57,48,54,-20,2,-64,2.48
691,24d10m7.2s,15d46m15.6s,12,12,12,-90,4,-125,2.33
692,24d10m7.3s,15d45m58.0s,41,41,41,0,4,24,3.13
693,24d10m7.3s,15d46m13.6s,25,22,24,0,4,-108,2.42
694,24d10m7.3s,15d48m36.8s,8,8,8,0,1,112,4.65
695,24d10m7.4s,15d46m48.9s,16,15,16,0,2,123,1.03
696,24d10m7.4s,15d48m4.9s,24,23,24,0,2,57,3.16
697,24d10m7.5s,15d48m39.1s,41,41,41,0,1,113,4.75
698,24d10m7.7s,15d46m11.5s,20,17,19,0,4,-91,2.51
699,24d10m7.7s,15d48m13.0s,71,47,63,-80,2,124,3.53
700,24d10m8.0s,15d48m3.1s,59,59,59,0,2,41,3.07
701,24d10m8.1s,15d46m41.4s,83,79,82,-60,2,-75,1.24
702,24d10m8.1s,15d46m42.2s,25,25,25,0,2,-80,1.22
703,24d10m8.1s,15d47m45.4s,74,58,69,0,2,-103,2.27
704,24d10m8.5s,15d45m53.4s,43,43,43,0,4,66,3.33
705,24d10m8.6s,15d47m55.5s,35,34,35,-90,2,-22,2.71
706,24d10m8.7s,15d46m51.2s,21,21,21,0,2,-145,0.92
707,24d10m8.7s,15d45m56.3s,29,29,29,0,4,40,3.19
708,24d10m8.8s,15d46m31.5s,58,39,52,0,2,-45,1.62
709,24d10m8.9s,15d48m14.9s,22,21,21,-90,2,137,3.61
710,24d10m9.1s,15d46m12.4s,37,29,35,60,4,-101,2.45
711,24d10m9.1s,15d46m0.6s,35,35,35,0,4,3,2.99
712,24d10m9.1s,15d46m20.4s,32,32,32,0,2,126,2.09
713,24d10m9.2s,15d46m23.8s,93,74,86,-90,2,99,1.94
714,24d10m9.2s,15d47m54.4s,20,19,20,-90,2,-33,2.66
715,24d10m9.2s,15d47m47.4s,34,24,30,40,2,-93,2.34
716,24d10m9.3s,15d48m39.1s,10,10,10,0,1,98,4.74
717,24d10m9.3s,15d48m23.0s,32,32,32,0,1,-154,3.98
718,24d10m9.6s,15d48m2.1s,60,60,60,0,2,27,3
719,24d10m9.7s,15d47m45.8s,19,19,19,0,2,-108,2.26
720,24d10m9.8s,15d46m41.7s,23,23,23,0,2,-87,1.19
721,24d10m9.9s,15d46m56.1s,36,36,36,0,2,-184,0.77
722,24d10m9.9s,15d48m38.1s,58,46,54,0,1,91,4.68
723,24d10m10.0s,15d46m30.5s,30,19,27,-30,2,-58,1.63
724,24d10m10.0s,15d46m13.9s,17,17,17,0,4,-113,2.37
725,24d10m10.1s,15d47m10.0s,18,18,18,0,4,-170,0.84
726,24d10m10.3s,15d47m55.3s,38,38,38,0,2,-27,2.68
727,24d10m10.3s,15d46m14.7s,19,18,18,-90,4,-119,2.33
728,24d10m10.4s,15d47m59.0s,22,21,22,-90,2,-1,2.85
729,24d10m10.5s,15d45m58.8s,35,35,35,0,4,17,3.06
730,24d10m10.5s,15d48m39.2s,14,14,14,0,1,88,4.73
731,24d10m10.5s,15d46m15.4s,30,25,29,0,4,-126,2.29
732,24d10m10.6s,15d46m31.4s,27,26,26,0,2,-60,1.58
733,24d10m10.6s,15d45m53.9s,31,31,31,0,4,61,3.28
734,24d10m10.6s,15d46m25.7s,18,15,17,0,2,91,1.83
735,24d10m10.6s,15d46m26.3s,28,22,26,0,2,86,1.80
736,24d10m10.7s,15d48m35.7s,197,130,175,0,1,83,4.56
737,24d10m10.8s,15d47m9.5s,21,18,20,0,4,170,0.80
738,24d10m10.9s,15d48m44.8s,93,74,87,-10,1,110,4.99
739,24d10m11.1s,15d48m1.6s,20,20,20,0,2,20,2.96
740,24d10m11.1s,15d48m36.9s,9,9,9,-90,1,79,4.62
741,24d10m11.2s,15d45m54.8s,18,18,18,0,4,53,3.24
742,24d10m11.2s,15d48m39.2s,14,14,14,0,1,82,4.73
743,24d10m11.3s,15d47m57.5s,22,22,22,-90,2,-14,2.77
744,24d10m11.3s,15d46m13.6s,70,59,66,-90,4,-109,2.36
745,24d10m11.3s,15d47m46.0s,30,30,30,0,2,-109,2.24
746,24d10m11.4s,15d46m31.1s,27,21,25,-90,2,-67,1.58
747,24d10m11.4s,15d47m11.0s,116,89,107,0,4,156,0.82
748,24d10m11.4s,15d46m2.0s,21,21,21,0,4,-5,2.90
749,24d10m11.6s,15d47m59.3s,40,40,40,0,2,3,2.85
750,24d10m11.7s,15d45m55.5s,23,23,23,0,4,47,3.20
751,24d10m11.7s,15d46m15.9s,15,15,15,0,4,-128,2.25
752,24d10m11.9s,15d46m31.9s,20,20,20,0,2,-69,1.53
753,24d10m12.0s,15d45m53.4s,36,36,36,0,4,66,3.29
754,24d10m12.0s,15d47m56.9s,18,18,18,0,2,-19,2.74
755,24d10m12.1s,15d48m38.0s,10,7,9,0,1,72,4.66
756,24d10m12.2s,15d48m0.4s,19,18,18,-90,2,6,2.90
757,24d10m12.3s,15d48m39.2s,36,36,36,0,1,73,4.72
758,24d10m12.4s,15d48m37.7s,12,12,12,0,1,69,4.65
759,24d10m12.5s,15d48m43.4s,30,30,30,0,1,92,4.92
760,24d10m12.5s,15d46m5.2s,15,15,15,0,4,-33,2.74
761,24d10m12.6s,15d48m9.6s,404,332,380,-50,2,83,3.33
762,24d10m12.6s,15d45m58.7s,57,57,57,0,4,22,3.04
763,24d10m12.6s,15d46m43.0s,34,23,30,0,2,112,1.06
764,24d10m12.6s,15d46m24.9s,21,20,21,-90,2,108,1.83
765,24d10m12.6s,15d46m13.4s,21,16,19,0,4,-104,2.36
766,24d10m12.6s,15d47m58.6s,24,24,24,0,2,-8,2.81
767,24d10m12.7s,15d47m12.8s,12,12,12,0,4,-136,0.83
768,24d10m12.7s,15d47m15.4s,22,21,22,0,4,119,0.91
769,24d10m12.7s,15d47m9.4s,22,19,21,0,4,161,0.72
770,24d10m12.8s,15d47m25.3s,66,58,63,-60,4,85,1.30
771,24d10m12.8s,15d46m14.7s,48,32,43,60,4,-115,2.29
772,24d10m12.9s,15d45m55.6s,26,26,26,0,4,49,3.18
773,24d10m12.9s,15d48m46.7s,35,35,35,0,1,112,5.07
774,24d10m13.0s,15d45m52.2s,48,48,48,0,4,78,3.34
775,24d10m13.0s,15d48m0.2s,14,13,14,-90,2,4,2.88
776,24d10m13.0s,15d48m32.3s,21,21,21,0,1,-74,4.39
777,24d10m13.1s,15d46m56.4s,19,19,19,0,2,-206,0.63
778,24d10m13.1s,15d46m40.7s,17,16,17,0,2,101,1.14
779,24d10m13.2s,15d46m38.4s,26,25,25,0,2,-90,1.23
780,24d10m13.2s,15d47m17.1s,86,63,79,0,4,106,0.96
781,24d10m13.2s,15d48m21.2s,24,24,24,0,1,-151,3.86
782,24d10m13.3s,15d48m2.0s,39,36,38,0,2,15,2.96
783,24d10m13.3s,15d47m13.7s,41,39,40,0,4,127,0.83
784,24d10m13.3s,15d47m12.5s,35,33,34,0,4,135,0.79
785,24d10m13.4s,15d47m1.1s,24,24,24,0,4,-225,0.58
786,24d10m13.4s,15d45m19.3s,26,26,26,0,4,373,4.89
787,24d10m13.5s,15d45m56.7s,51,51,51,0,4,41,3.12
788,24d10m13.5s,15d48m0.7s,118,74,103,-30,2,4,2.90
789,24d10m13.6s,15d46m9.5s,14,14,14,-90,4,-68,2.52
790,24d10m13.6s,15d48m31.2s,29,29,29,0,1,-74,4.34
791,24d10m13.7s,15d47m14.8s,19,19,19,0,4,-117,0.86
792,24d10m13.7s,15d47m11.5s,24,23,24,0,4,141,0.75
793,24d10m13.7s,15d46m21.7s,22,22,22,0,2,135,1.96
794,24d10m13.7s,15d45m54.1s,45,45,45,0,4,64,3.25
795,24d10m13.8s,15d46m32.5s,21,15,19,-40,2,-85,1.47
796,24d10m13.9s,15d47m58.9s,30,28,29,-90,2,-9,2.81
797,24d10m14.0s,15d48m37.9s,39,39,39,0,1,56,4.65
798,24d10m14.0s,15d46m37.0s,27,27,27,0,2,-91,1.27
799,24d10m14.0s,15d47m12.7s,17,16,17,0,4,130,0.78
800,24d10m14.0s,15d47m1.1s,18,18,18,0,4,-223,0.55
801,24d10m14.0s,15d46m12.9s,35,35,35,0,4,-96,2.36
802,24d10m14.1s,15d46m55.7s,44,44,44,0,2,-207,0.60
803,24d10m14.1s,15d48m40.4s,76,76,76,0,1,63,4.77
804,24d10m14.4s,15d46m14.0s,16,15,16,0,4,-103,2.31
805,24d10m14.4s,15d47m13.4s,21,20,20,0,4,123,0.79
806,24d10m14.5s,15d46m38.9s,19,19,19,0,2,-103,1.18
807,24d10m14.6s,15d47m14.6s,30,21,27,0,4,113,0.83
808,24d10m14.7s,15d47m7.9s,21,21,21,0,4,-164,0.61
809,24d10m14.7s,15d47m3.2s,28,28,28,0,4,-204,0.53
810,24d10m14.7s,15d48m20.6s,50,50,50,0,1,-151,3.83
811,24d10m14.7s,15d46m27.8s,250,186,229,20,2,106,1.67
812,24d10m14.8s,15d46m41.3s,20,18,20,0,2,116,1.07
813,24d10m14.8s,15d46m57.0s,25,25,25,0,2,-220,0.55
814,24d10m14.8s,15d47m1.9s,36,36,36,0,4,-214,0.51
815,24d10m14.8s,15d47m12.1s,35,22,31,0,4,131,0.73
816,24d10m15.0s,15d47m16.7s,12,9,11,0,4,96,0.90
817,24d10m15.0s,15d47m22.1s,13,13,13,0,4,-70,1.12
818,24d10m15.1s,15d47m58.6s,20,19,20,-90,2,-17,2.79
819,24d10m15.3s,15d47m13.0s,17,17,17,0,4,122,0.75
820,24d10m15.3s,15d46m46.9s,18,18,18,0,2,-154,0.83
821,24d10m15.4s,15d47m31.4s,20,14,18,-80,4,81,1.52
822,24d10m15.4s,15d45m19.4s,26,26,26,0,2,-371,4.88
823,24d10m15.4s,15d45m34.3s,31,31,31,0,4,240,4.17
824,24d10m15.5s,15d48m38.2s,23,23,23,0,1,44,4.66
825,24d10m15.6s,15d45m33.0s,43,43,43,0,4,252,4.23
826,24d10m15.7s,15d45m56.6s,20,20,20,0,4,44,3.11
827,24d10m15.8s,15d46m14.3s,49,49,49,0,4,-101,2.28
828,24d10m15.8s,15d45m38.1s,30,30,30,0,4,208,3.99
829,24d10m15.8s,15d46m11.9s,21,21,21,0,4,-81,2.39
830,24d10m15.8s,15d47m25.4s,25,25,25,0,4,59,1.25
831,24d10m16.1s,15d47m12.5s,19,18,19,0,4,122,0.71
832,24d10m16.1s,15d45m45.6s,15,15,15,0,4,143,3.63
833,24d10m16.1s,15d46m57.0s,18,18,18,0,2,-226,0.49
834,24d10m16.2s,15d47m13.2s,18,18,18,0,4,-116,0.73
835,24d10m16.2s,15d48m37.8s,17,15,16,-90,1,37,4.64
836,24d10m16.2s,15d46m12.5s,43,43,43,0,4,-84,2.36
837,24d10m16.2s,15d48m32.4s,36,36,36,0,1,-51,4.38
838,24d10m16.4s,15d48m42.0s,25,25,25,0,1,60,4.83
839,24d10m16.4s,15d48m36.4s,35,35,35,0,1,33,4.57
840,24d10m16.4s,15d47m22.6s,19,19,19,0,4,-57,1.11
841,24d10m16.5s,15d47m4.2s,35,35,35,0,4,-190,0.46
842,24d10m16.6s,15d47m14.6s,34,26,31,0,4,103,0.77
843,24d10m16.6s,15d48m2.1s,22,21,21,0,2,14,2.94
844,24d10m16.7s,15d48m39.3s,40,40,40,0,1,40,4.70
845,24d10m16.7s,15d48m40.5s,17,17,17,0,1,47,4.76
846,24d10m16.8s,15d47m13.6s,26,26,26,0,4,-110,0.73
847,24d10m16.8s,15d47m6.3s,21,21,21,0,4,-172,0.48
848,24d10m16.8s,15d47m53.8s,31,31,31,0,2,-61,2.55
849,24d10m16.9s,15d46m46.2s,16,16,16,0,2,-159,0.82
850,24d10m16.9s,15d45m17.1s,30,30,30,0,2,-348,4.98
851,24d10m17.0s,15d47m17.7s,39,38,38,0,4,78,0.89
852,24d10m17.1s,15d46m55.0s,40,40,40,0,2,-217,0.50
853,24d10m17.1s,15d48m41.3s,31,31,31,0,1,51,4.80
854,24d10m17.1s,15d46m56.9s,44,44,44,0,2,-231,0.45
855,24d10m17.2s,15d45m59.1s,29,29,29,0,4,27,2.99
856,24d10m17.2s,15d46m0.7s,54,54,54,0,4,13,2.91
857,24d10m17.4s,15d46m32.7s,22,22,22,0,2,-116,1.41
858,24d10m17.5s,15d47m30.6s,157,117,143,-84,4,62,1.46
859,24d10m17.5s,15d48m33.7s,27,27,27,0,1,-34,4.44
860,24d10m17.5s,15d46m31.2s,42,41,41,0,2,-119,1.48
861,24d10m17.5s,15d48m35.7s,45,39,43,-90,1,-25,4.53
862,24d10m17.6s,15d46m60.0s,32,32,32,0,4,-225,0.38
863,24d10m17.6s,15d47m22.5s,15,13,14,90,4,-47,1.09
864,24d10m17.7s,15d47m21.6s,27,25,26,0,4,50,1.05
865,24d10m17.7s,15d47m11.9s,50,30,43,0,4,121,0.64
866,24d10m18.0s,15d45m59.1s,19,19,19,0,4,28,2.98
867,24d10m18.0s,15d48m2.4s,31,31,31,0,2,16,2.95
868,24d10m18.2s,15d45m46.0s,24,24,24,0,4,142,3.60
869,24d10m18.2s,15d46m3.4s,31,31,31,0,4,-4,2.78
870,24d10m18.2s,15d47m10.7s,39,28,35,0,4,130,0.58
871,24d10m18.3s,15d47m38.8s,21,21,21,0,4,108,1.83
872,24d10m18.3s,15d48m39.8s,27,27,27,0,1,34,4.72
873,24d10m18.3s,15d47m3.9s,21,20,21,0,4,189,0.37
874,24d10m18.4s,15d46m32.4s,19,17,19,0,2,-124,1.41
875,24d10m18.4s,15d47m33.7s,16,15,16,90,4,75,1.59
876,24d10m18.6s,15d47m39.6s,22,22,22,0,4,111,1.87
877,24d10m18.6s,15d45m46.9s,40,40,40,0,4,135,3.56
878,24d10m18.6s,15d48m6.1s,22,22,22,0,2,43,3.12
879,24d10m18.8s,15d46m36.9s,31,31,31,0,2,-131,1.20
880,24d10m18.8s,15d48m36.7s,34,34,34,0,1,13,4.57
881,24d10m18.9s,15d46m42.0s,30,28,29,0,2,150,0.97
882,24d10m18.9s,15d45m33.6s,54,54,54,0,4,253,4.19
883,24d10m19.0s,15d48m1.8s,22,22,22,0,2,6,2.91
884,24d10m19.0s,15d46m17.4s,117,117,117,0,4,-117,2.11
885,24d10m19.0s,15d46m29.8s,46,32,41,-20,2,-134,1.53
886,24d10m19.2s,15d46m31.4s,45,42,44,0,2,-133,1.45
887,24d10m19.3s,15d47m32.4s,66,46,59,70,4,61,1.52
888,24d10m19.3s,15d47m4.1s,17,15,16,0,4,186,0.34
889,24d10m19.3s,15d48m21.9s,30,30,30,0,1,-132,3.87
890,24d10m19.4s,15d45m35.5s,40,40,40,0,4,236,4.09
891,24d10m19.4s,15d48m8.1s,16,16,16,0,2,61,3.21
892,24d10m19.7s,15d48m11.0s,20,20,20,0,2,87,3.35
893,24d10m19.8s,15d46m37.2s,16,16,16,0,2,-140,1.18
894,24d10m19.9s,15d48m12.1s,18,18,18,0,2,97,3.40
895,24d10m19.9s,15d48m32.3s,139,95,124,10,1,-38,4.36
896,24d10m20.0s,15d46m36.2s,26,23,25,0,2,-140,1.22
897,24d10m20.0s,15d47m33.0s,14,13,14,90,4,60,1.54
898,24d10m20.0s,15d48m6.8s,39,28,35,-70,2,49,3.14
899,24d10m20.1s,15d48m1.9s,33,31,32,90,2,5,2.91
900,24d10m20.2s,15d48m13.8s,53,53,53,0,2,112,3.48
901,24d10m20.3s,15d48m8.6s,24,23,23,90,2,66,3.23
902,24d10m20.3s,15d46m41.5s,34,25,31,0,2,158,0.97
903,24d10m20.6s,15d46m48.0s,42,42,42,0,2,-194,0.67
904,24d10m20.7s,15d47m29.3s,18,17,18,0,4,33,1.37
905,24d10m20.7s,15d48m4.9s,50,50,50,0,2,32,3.05
906,24d10m21.0s,15d48m9.5s,19,18,19,90,2,74,3.27
907,24d10m21.0s,15d46m39.2s,25,22,24,0,2,156,1.07
908,24d10m21.1s,15d47m25.8s,15,15,15,0,4,15,1.20
909,24d10m21.2s,15d48m33.5s,17,15,16,90,1,-27,4.41
910,24d10m21.2s,15d48m8.4s,15,14,15,90,2,64,3.22
911,24d10m21.3s,15d44m58.1s,13,13,13,0,2,-172,5.87
912,24d10m21.6s,15d47m25.1s,8,8,8,0,4,-9,1.16
913,24d10m21.6s,15d47m25.7s,15,15,15,90,4,9,1.19
914,24d10m21.7s,15d46m38.5s,21,20,20,0,2,159,1.09
915,24d10m21.7s,15d47m29.4s,10,10,10,0,4,27,1.36
916,24d10m21.8s,15d47m26.9s,16,15,16,90,4,14,1.24
917,24d10m21.9s,15d48m32.7s,10,10,10,90,1,-34,4.37
918,24d10m21.9s,15d48m33.3s,10,9,9,90,1,-29,4.40
919,24d10m21.9s,15d48m10.6s,37,37,37,0,2,83,3.32
920,24d10m22.0s,15d47m3.6s,22,22,22,0,4,-188,0.21
921,24d10m22.3s,15d47m25.1s,21,19,20,90,4,-4,1.15
922,24d10m22.3s,15d48m7.7s,45,42,44,90,2,57,3.18
923,24d10m22.3s,15d48m14.0s,40,40,40,0,2,111,3.48
924,24d10m22.4s,15d46m16.3s,30,30,30,0,4,-100,2.15
925,24d10m22.5s,15d47m12.4s,26,26,26,0,4,-109,0.56
926,24d10m22.7s,15d47m26.1s,18,17,18,90,4,6,1.20
927,24d10m22.7s,15d46m56.6s,20,20,20,0,4,-251,0.26
928,24d10m23.0s,15d48m36.5s,34,34,34,0,1,-8,4.55
929,24d10m23.1s,15d46m57.5s,15,15,15,0,4,-243,0.22
930,24d10m23.1s,15d48m4.5s,28,28,28,0,2,29,3.03
931,24d10m23.3s,15d47m29.9s,119,92,110,85,4,21,1.38
932,24d10m23.4s,15d46m56.9s,24,24,24,0,4,-248,0.23
933,24d10m23.4s,15d47m5.2s,37,37,37,0,4,-174,0.23
934,24d10m23.5s,15d47m12.1s,34,34,34,0,4,-111,0.54
935,24d10m23.6s,15d47m28.0s,20,19,20,0,4,7,1.29
936,24d10m23.7s,15d48m12.3s,21,21,21,0,2,93,3.40
937,24d10m23.7s,15d48m7.8s,26,22,25,90,2,54,3.18
938,24d10m23.9s,15d46m37.3s,43,43,43,0,2,-175,1.14
939,24d10m24.1s,15d48m6.5s,23,23,23,0,2,43,3.12
940,24d10m24.1s,15d46m27.3s,31,22,28,0,2,-183,1.61
941,24d10m24.5s,15d48m6.1s,16,16,16,0,2,38,3.10
942,24d10m24.6s,15d48m11.9s,21,20,21,90,2,89,3.38
943,24d10m24.6s,15d47m22.5s,28,28,28,0,4,-24,1.02
944,24d10m24.6s,15d48m8.1s,23,22,23,0,2,55,3.20
945,24d10m24.7s,15d46m37.8s,27,27,27,0,2,-183,1.12
946,24d10m25.1s,15d48m37.3s,49,41,46,0,1,-10,4.59
947,24d10m25.6s,15d47m24.6s,25,18,23,0,4,22,1.12
948,24d10m25.7s,15d48m10.9s,42,40,41,90,2,79,3.33
949,24d10m26.3s,15d47m0.5s,241,183,222,0,4,218,0.03
950,24d10m26.5s,15d47m13.0s,33,33,33,0,4,-108,0.57
951,24d10m26.6s,15d46m39.5s,24,24,24,0,2,-203,1.03
952,24d10m26.7s,15d46m30.9s,65,53,61,0,2,-198,1.44
953,24d10m26.7s,15d47m24.7s,26,26,26,0,4,-30,1.13
954,24d10m26.7s,15d48m12.3s,49,36,44,90,2,92,3.39
955,24d10m26.9s,15d47m37.6s,34,34,34,0,4,63,1.74
956,24d10m27.0s,15d47m26.0s,54,47,51,0,4,-26,1.19
957,24d10m27.0s,15d47m23.9s,21,14,18,0,4,36,1.09
958,24d10m27.1s,15d48m8.2s,103,64,90,-60,2,55,3.20
959,24d10m27.1s,15d46m0.2s,33,33,33,0,4,44,2.91
960,24d10m27.4s,15d47m23.4s,13,9,12,0,4,41,1.07
961,24d10m27.4s,15d47m21.0s,18,18,18,0,4,51,0.95
962,24d10m27.5s,15d45m15.0s,21,21,21,0,2,-301,5.07
963,24d10m27.5s,15d47m28.1s,35,35,35,0,4,-17,1.29
964,24d10m27.6s,15d48m6.6s,22,22,22,0,2,41,3.13
965,24d10m27.6s,15d46m53.9s,28,28,28,0,2,-274,0.35
966,24d10m27.7s,15d46m43.1s,13,12,13,0,2,222,0.86
967,24d10m27.8s,15d45m51.0s,68,68,68,0,4,127,3.35
968,24d10m28.0s,15d47m7.7s,26,26,26,0,4,-158,0.33
969,24d10m28.0s,15d47m20.4s,28,23,26,0,4,59,0.92
970,24d10m28.1s,15d47m59.9s,28,23,26,0,2,-12,2.80
971,24d10m28.2s,15d46m36.9s,44,44,44,0,2,-212,1.16
972,24d10m28.2s,15d46m35.6s,40,40,40,0,2,-211,1.22
973,24d10m28.3s,15d48m8.8s,18,17,17,0,2,61,3.23
974,24d10m28.4s,15d48m13.6s,23,22,23,90,2,104,3.46
975,24d10m28.4s,15d47m24.6s,43,29,38,0,4,44,1.12
976,24d10m28.6s,15d47m31.9s,13,13,13,0,4,12,1.47
977,24d10m28.6s,15d45m55.5s,51,51,51,0,4,86,3.13
978,24d10m28.8s,15d46m41.2s,42,42,42,0,2,-225,0.96
979,24d10m28.9s,15d47m31.0s,24,19,23,90,4,4,1.43
980,24d10m28.9s,15d48m23.4s,39,39,39,0,1,-133,3.93
981,24d10m28.9s,15d47m30.2s,15,15,15,0,4,-2,1.40
982,24d10m29.0s,15d48m10.3s,35,25,31,90,2,75,3.30
983,24d10m29.1s,15d47m8.2s,18,18,18,0,4,-157,0.37
984,24d10m29.1s,15d47m22.5s,26,25,25,0,4,58,1.03
985,24d10m29.2s,15d47m12.6s,17,17,17,0,4,-121,0.57
986,24d10m29.2s,15d47m21.0s,32,27,30,0,4,65,0.96
987,24d10m29.3s,15d47m19.2s,29,21,26,0,4,74,0.88
988,24d10m29.3s,15d46m50.4s,40,40,40,0,2,-266,0.53
989,24d10m29.3s,15d48m25.1s,30,30,30,0,1,-121,4.01
990,24d10m29.3s,15d48m22.1s,75,65,71,0,1,-146,3.87
991,24d10m29.4s,15d48m12.8s,34,30,33,0,2,98,3.42
992,24d10m29.4s,15d46m43.1s,14,14,14,0,2,-236,0.87
993,24d10m29.5s,15d47m25.7s,17,17,17,90,4,-43,1.19
994,24d10m29.5s,15d48m12.2s,85,59,76,-30,2,93,3.39
995,24d10m29.8s,15d46m42.0s,21,20,21,0,2,236,0.93
996,24d10m29.9s,15d46m36.2s,37,37,37,0,2,-225,1.20
997,24d10m29.9s,15d47m9.7s,23,23,23,0,4,-147,0.45
998,24d10m29.9s,15d45m58.1s,155,133,148,-30,4,63,3.01
999,24d10m30.0s,15d47m26.0s,12,11,12,90,4,-40,1.20
1000,24d10m30.0s,15d48m20.7s,27,27,27,0,1,-160,3.80
1001,24d10m30.1s,15d46m37.7s,26,26,26,0,2,-229,1.13
1002,24d10m30.2s,15d46m44.4s,12,11,12,0,2,247,0.82
1003,24d10m30.2s,15d47m17.8s,64,63,64,0,4,88,0.82
1004,24d10m30.2s,15d48m14.1s,27,27,27,0,2,111,3.49
1005,24d10m30.3s,15d48m16.6s,45,45,45,0,2,133,3.61
1006,24d10m30.3s,15d46m42.6s,20,19,20,0,2,242,0.91
1007,24d10m30.4s,15d48m36.9s,84,66,78,20,1,-30,4.58
1008,24d10m30.4s,15d47m1.5s,68,43,59,0,4,218,0.21
1009,24d10m30.4s,15d47m21.6s,50,37,46,0,4,71,1
1010,24d10m30.5s,15d47m29.6s,11,11,11,90,4,-10,1.38
1011,24d10m30.5s,15d45m51.0s,39,39,39,0,4,127,3.35
1012,24d10m30.5s,15d48m12.9s,21,20,21,90,2,101,3.43
1013,24d10m30.6s,15d48m19.0s,48,48,48,0,2,155,3.72
1014,24d10m30.6s,15d46m40.3s,20,20,20,0,2,238,1.02
1015,24d10m30.6s,15d48m23.0s,22,22,22,0,1,-142,3.91
1016,24d10m30.8s,15d47m24.7s,19,18,19,90,4,-52,1.15
1017,24d10m30.8s,15d48m42.0s,43,27,38,0,1,8,4.82
1018,24d10m30.9s,15d47m30.1s,35,27,32,0,4,-10,1.40
1019,24d10m31.0s,15d48m42.5s,12,12,12,90,1,13,4.84
1020,24d10m31.0s,15d48m39.4s,32,32,32,0,1,-14,4.69
1021,24d10m31.0s,15d48m21.3s,24,24,24,0,1,-158,3.83
1022,24d10m31.0s,15d47m31.3s,14,12,13,0,4,-2,1.46
1023,24d10m31.0s,15d47m26.1s,49,28,42,20,4,-41,1.22
1024,24d10m31.2s,15d47m40.2s,68,68,68,0,4,80,1.88
1025,24d10m31.3s,15d46m37.0s,44,43,44,0,2,-238,1.18
1026,24d10m31.4s,15d46m17.3s,21,21,21,0,4,-95,2.11
1027,24d10m31.4s,15d46m39.9s,18,18,18,0,2,-244,1.04
1028,24d10m31.5s,15d46m40.6s,18,17,18,0,2,246,1.01
1029,24d10m31.6s,15d46m41.6s,17,16,17,0,2,249,0.97
1030,24d10m31.6s,15d48m12.5s,12,12,12,0,2,100,3.41
1031,24d10m31.6s,15d47m26.6s,14,14,14,90,4,-39,1.24
1032,24d10m31.7s,15d48m13.6s,33,25,30,-60,2,110,3.47
1033,24d10m31.8s,15d46m42.6s,12,12,12,0,2,-254,0.92
1034,24d10m31.8s,15d46m38.7s,23,22,22,90,2,-245,1.10
1035,24d10m31.9s,15d46m39.6s,14,14,14,0,2,-247,1.06
1036,24d10m31.9s,15d46m42.0s,15,15,15,0,2,253,0.95
1037,24d10m31.9s,15d47m30.8s,41,33,38,10,4,-4,1.44
1038,24d10m31.9s,15d47m5.2s,24,23,24,0,4,191,0.34
1039,24d10m32.0s,15d45m49.4s,21,21,21,0,4,142,3.43
1040,24d10m32.0s,15d46m40.0s,8,7,8,0,2,249,1.04
1041,24d10m32.0s,15d45m47.9s,22,22,22,0,4,155,3.50
1042,24d10m32.1s,15d48m24.9s,104,87,98,-60,1,-134,4.01
1043,24d10m32.2s,15d46m41.5s,11,11,11,0,2,-254,0.98
1044,24d10m32.2s,15d47m27.6s,58,43,53,-80,4,-29,1.30
1045,24d10m32.2s,15d45m35.2s,31,31,31,0,4,269,4.11
1046,24d10m32.3s,15d48m16.5s,39,39,39,0,2,136,3.61
1047,24d10m32.3s,15d48m14.7s,22,22,22,0,2,120,3.52
1048,24d10m32.3s,15d46m46.7s,15,14,15,0,2,272,0.75
1049,24d10m32.4s,15d47m25.0s,14,14,14,90,4,-50,1.18
1050,24d10m32.5s,15d48m37.9s,37,37,37,0,1,-28,4.63
1051,24d10m32.5s,15d46m47.4s,16,15,16,0,2,276,0.72
1052,24d10m32.5s,15d46m40.3s,21,20,21,0,2,254,1.04
1053,24d10m32.6s,15d46m39.6s,13,12,13,0,2,253,1.07
1054,24d10m32.6s,15d47m21.4s,46,46,46,0,4,-83,1.01
1055,24d10m32.6s,15d47m29.0s,7,7,7,0,4,-16,1.36
1056,24d10m32.7s,15d48m21.3s,24,24,24,0,1,-165,3.84
1057,24d10m32.7s,15d47m29.8s,16,16,16,90,4,-10,1.40
1058,24d10m32.8s,15d48m35.5s,25,25,25,0,1,-50,4.51
1059,24d10m32.9s,15d47m5.9s,33,24,30,0,4,189,0.39
1060,24d10m32.9s,15d48m13.8s,24,24,24,0,2,112,3.48
1061,24d10m32.9s,15d47m40.9s,38,38,38,0,4,86,1.92
1062,24d10m32.9s,15d48m13.2s,26,26,26,0,2,107,3.46
1063,24d10m33.0s,15d47m24.4s,28,20,25,20,4,-55,1.16
1064,24d10m33.0s,15d47m28.8s,9,9,9,0,4,-16,1.36
1065,24d10m33.1s,15d46m55.4s,45,45,45,0,4,-258,0.43
1066,24d10m33.1s,15d48m14.6s,17,17,17,0,2,119,3.52
1067,24d10m33.3s,15d48m19.5s,45,45,45,0,2,164,3.76
1068,24d10m33.4s,15d46m46.6s,16,15,16,0,4,275,0.77
1069,24d10m33.4s,15d47m28.5s,16,13,15,0,4,-18,1.35
1070,24d10m33.4s,15d47m1.6s,16,16,16,0,4,-226,0.35
1071,24d10m33.4s,15d47m8.6s,29,16,25,0,4,170,0.50
1072,24d10m33.5s,15d46m47.2s,20,13,18,0,4,272,0.75
1073,24d10m33.5s,15d46m54.1s,30,30,30,0,4,-259,0.48
1074,24d10m33.5s,15d45m43.6s,23,23,23,0,4,195,3.72
1075,24d10m33.5s,15d47m56.4s,30,30,30,0,2,-44,2.66
1076,24d10m33.6s,15d46m1.9s,40,40,40,0,4,35,2.85
1077,24d10m33.7s,15d47m29.6s,11,7,10,0,4,-8,1.41
1078,24d10m33.8s,15d48m9.8s,242,178,221,-30,2,76,3.30
1079,24d10m33.8s,15d46m43.0s,29,24,28,0,4,270,0.94
1080,24d10m33.8s,15d47m58.1s,24,22,24,90,2,-28,2.74
1081,24d10m33.9s,15d47m31.4s,15,14,14,90,4,7,1.49
1082,24d10m33.9s,15d46m3.7s,61,61,61,0,4,21,2.76
1083,24d10m33.9s,15d46m40.2s,31,21,28,0,4,261,1.06
1084,24d10m34.2s,15d48m12.5s,35,35,35,0,2,100,3.43
1085,24d10m34.3s,15d47m41.5s,37,37,37,0,4,92,1.96
1086,24d10m34.3s,15d45m48.3s,123,91,112,0,4,154,3.50
1087,24d10m34.4s,15d47m24.6s,15,14,15,90,4,-53,1.19
1088,24d10m34.4s,15d48m42.3s,34,34,34,0,1,4,4.84
1089,24d10m34.5s,15d47m7.9s,23,23,23,0,4,-181,0.51
1090,24d10m34.5s,15d46m46.8s,20,17,19,0,4,265,0.79
1091,24d10m34.5s,15d47m19.1s,58,57,57,0,4,99,0.94
1092,24d10m34.5s,15d46m46.0s,28,16,24,0,4,266,0.82
1093,24d10m34.5s,15d46m56.2s,22,22,22,0,4,-243,0.46
1094,24d10m34.6s,15d46m43.6s,30,26,29,0,4,264,0.93
1095,24d10m34.6s,15d47m27.2s,69,69,69,0,4,-30,1.31
1096,24d10m34.7s,15d46m48.5s,27,27,27,0,4,-260,0.72
1097,24d10m34.8s,15d48m17.0s,33,33,33,0,2,141,3.64
1098,24d10m34.9s,15d47m30.7s,30,29,30,90,4,3,1.47
1099,24d10m35.0s,15d46m5.1s,40,40,40,0,4,14,2.70
1100,24d10m35.1s,15d48m13.5s,22,21,22,90,2,110,3.48
1101,24d10m35.1s,15d47m56.0s,33,19,28,0,2,-43,2.65
1102,24d10m35.1s,15d46m22.4s,79,79,79,0,4,-124,1.90
1103,24d10m35.2s,15d45m9.6s,36,36,36,0,2,-231,5.34
1104,24d10m35.2s,15d47m25.5s,20,18,19,90,4,-43,1.24
1105,24d10m35.2s,15d46m53.7s,24,24,24,0,4,-247,0.55
1106,24d10m35.2s,15d46m44.5s,32,27,30,0,4,260,0.90
1107,24d10m35.2s,15d46m20.8s,40,40,40,0,4,-110,1.97
1108,24d10m35.4s,15d47m29.8s,18,12,16,-40,4,-7,1.43
1109,24d10m35.6s,15d46m49.1s,25,19,23,0,4,251,0.72
1110,24d10m35.7s,15d46m50.0s,28,27,28,0,4,249,0.70
1111,24d10m35.7s,15d47m31.4s,19,19,19,90,4,7,1.51
1112,24d10m35.7s,15d48m15.5s,18,18,18,0,2,128,3.58
1113,24d10m35.8s,15d46m29.0s,32,22,29,-65,4,-172,1.60
1114,24d10m35.8s,15d46m48.4s,19,13,17,0,4,251,0.76
1115,24d10m35.8s,15d47m0.1s,27,27,27,0,4,-215,0.46
1116,24d10m35.8s,15d46m46.1s,39,33,37,0,4,254,0.85
1117,24d10m35.8s,15d47m58.9s,158,126,147,-30,2,-16,2.80
1118,24d10m35.8s,15d46m47.7s,23,19,21,0,4,252,0.79
1119,24d10m35.8s,15d47m17.6s,41,40,40,0,4,110,0.91
1120,24d10m35.9s,15d46m38.2s,17,16,17,90,4,-237,1.19
1121,24d10m35.9s,15d46m0.3s,27,27,27,0,4,56,2.94
1122,24d10m36.1s,15d47m28.7s,27,27,27,0,4,-15,1.40
1123,24d10m36.1s,15d46m38.8s,24,23,23,90,4,-238,1.16
1124,24d10m36.1s,15d46m3.4s,33,33,33,0,4,33,2.80
1125,24d10m36.2s,15d46m57.1s,34,34,34,0,4,-227,0.51
1126,24d10m36.2s,15d45m52.7s,296,251,281,-50,4,119,3.30
1127,24d10m36.2s,15d47m30.5s,23,23,23,0,4,2,1.48
1128,24d10m36.2s,15d46m41.1s,27,19,24,0,4,245,1.06
1129,24d10m36.2s,15d47m5.2s,67,67,67,0,4,-192,0.51
1130,24d10m36.2s,15d46m30.0s,21,21,21,0,4,-178,1.56
1131,24d10m36.3s,15d47m7.6s,26,26,26,0,4,-181,0.57
1132,24d10m36.5s,15d46m40.1s,36,29,33,0,4,-240,1.11
1133,24d10m36.5s,15d46m44.5s,38,38,38,0,4,-249,0.93
1134,24d10m36.5s,15d46m42.6s,64,52,60,0,4,246,1.01
1135,24d10m36.6s,15d46m58.2s,18,18,18,0,4,-219,0.51
1136,24d10m36.6s,15d46m37.9s,24,19,22,70,4,-231,1.21
1137,24d10m36.6s,15d46m53.7s,39,39,39,0,4,-236,0.61
1138,24d10m36.7s,15d45m7.6s,47,47,47,0,2,-209,5.44
1139,24d10m36.7s,15d46m28.5s,24,24,24,90,4,-164,1.63
1140,24d10m36.9s,15d45m9.3s,42,42,42,0,2,-223,5.36
1141,24d10m36.9s,15d46m26.2s,20,20,20,0,4,-146,1.74
1142,24d10m36.9s,15d46m9.2s,31,31,31,0,4,-11,2.53
1143,24d10m37.0s,15d46m32.5s,55,48,53,0,4,-193,1.46
1144,24d10m37.0s,15d46m40.8s,21,20,21,90,4,-238,1.09
1145,24d10m37.2s,15d48m21.8s,19,19,19,0,1,-178,3.88
1146,24d10m37.3s,15d46m49.0s,57,57,57,0,4,-237,0.78
1147,24d10m37.3s,15d46m58.8s,16,16,16,0,4,-211,0.54
1148,24d10m37.4s,15d46m43.4s,22,16,20,0,4,240,0.99
1149,24d10m37.5s,15d46m28.2s,6,6,6,90,4,-159,1.66
1150,24d10m37.5s,15d47m31.5s,28,28,28,0,4,11,1.55
1151,24d10m37.5s,15d46m44.6s,15,14,15,0,4,240,0.95
1152,24d10m37.6s,15d46m27.3s,39,39,39,0,4,-151,1.70
1153,24d10m37.7s,15d48m13.7s,34,25,31,40,2,112,3.50
1154,24d10m37.7s,15d46m28.3s,20,20,20,0,4,-237,0.98
1155,24d10m37.9s,15d46m44.1s,26,26,26,0,4,9,1.52
1156,24d10m38.0s,15d47m30.8s,34,34,34,0,4,-208,0.58
1157,24d10m38.1s,15d46m57.9s,30,21,27,90,4,-229,1.11
1158,24d10m38.2s,15d46m41.0s,14,13,14,0,4,-154,1.68
1159,24d10m38.2s,15d46m28.0s,28,28,28,0,4,-216,0.63
1160,24d10m38.3s,15d46m55.6s,65,53,61,0,4,-30,1.33
1161,24d10m38.4s,15d47m26.4s,30,30,30,0,2,135,3.63
1162,24d10m38.6s,15d48m16.2s,12,12,12,0,2,106,3.47
1163,24d10m38.6s,15d48m12.9s,12,12,12,0,4,231,0.94
1164,24d10m38.6s,15d46m45.6s,33,33,33,0,4,-227,0.86
1165,24d10m38.7s,15d46m47.9s,39,39,39,0,4,-210,1.30
1166,24d10m38.7s,15d46m36.9s,46,31,41,0,4,68,1.14
1167,24d10m38.7s,15d47m21.5s,37,37,37,0,4,-228,1.04
1168,24d10m38.7s,15d46m43.2s,68,68,68,0,4,-221,0.76
1169,24d10m38.8s,15d46m51.2s,13,12,13,0,4,231,0.97
1170,24d10m38.8s,15d46m45.1s,33,33,33,0,4,-114,0.89
1171,24d10m38.8s,15d47m15.2s,26,25,26,0,4,229,0.99
1172,24d10m38.9s,15d46m44.6s,30,30,30,0,4,-214,0.67
1173,24d10m38.9s,15d46m54.8s,35,35,35,0,1,-107,4.32
1174,24d10m38.9s,15d48m30.7s,13,11,12,-70,4,-146,1.72
1175,24d10m38.9s,15d46m27.3s,10,10,10,90,4,-152,1.69
1176,24d10m38.9s,15d46m28.1s,14,14,14,0,4,-55,1.20
1177,24d10m39.0s,15d47m23.0s,102,63,89,20,4,-14,1.42
1178,24d10m39.0s,15d47m28.2s,28,28,28,0,4,10,1.55
1179,24d10m39.0s,15d47m31.0s,36,36,36,0,4,-208,0.65
1180,24d10m39.1s,15d46m56.2s,18,14,16,90,4,-58,1.19
1181,24d10m39.3s,15d47m22.5s,21,18,20,90,2,102,3.45
1182,24d10m39.3s,15d48m12.3s,35,33,34,0,4,-221,1.08
1183,24d10m39.4s,15d46m42.5s,18,13,16,-70,4,-52,1.22
1184,24d10m39.5s,15d47m23.1s,52,52,52,0,4,41,2.81
1185,24d10m39.6s,15d46m3.7s,20,15,18,0,4,222,0.95
1186,24d10m39.6s,15d46m46.3s,13,12,13,90,4,-33,1.32
1187,24d10m39.6s,15d47m25.4s,15,14,15,0,4,222,0.98
1188,24d10m39.7s,15d46m45.4s,35,15,29,0,4,198,0.66
1189,24d10m39.7s,15d46m57.3s,64,64,64,0,2,121,3.55
1190,24d10m39.8s,15d48m14.3s,13,11,12,90,4,6,1.54
1191,24d10m39.8s,15d47m30.5s,18,18,18,90,4,-58,1.19
1192,24d10m39.9s,15d47m22.1s,15,11,13,0,4,0,1.51
1193,24d10m39.9s,15d47m29.8s,32,28,31,90,4,-25,1.37
1194,24d10m40.3s,15d47m26.2s,42,40,42,0,4,189,0.67
1195,24d10m40.3s,15d46m58.6s,29,29,29,0,4,249,3.98
1196,24d10m40.4s,15d45m38.9s,29,29,29,0,4,-137,0.80
1197,24d10m40.5s,15d47m10.5s,30,30,30,0,4,-215,1.04
1198,24d10m40.5s,15d46m44.4s,29,29,29,0,4,79,3.02
1199,24d10m40.5s,15d45m59.4s,32,32,32,0,4,258,4.03
1200,24d10m40.6s,15d45m37.9s,24,23,24,0,4,-31,1.33
1201,24d10m40.6s,15d47m25.1s,66,58,63,0,2,153,3.71
1202,24d10m40.6s,15d48m17.7s,22,22,22,0,4,-212,0.96
1203,24d10m40.7s,15d46m46.9s,31,31,31,0,4,238,3.91
1204,24d10m40.7s,15d45m40.4s,13,12,12,0,4,14,1.59
1205,24d10m40.7s,15d47m31.1s,21,21,21,0,2,-182,5.52
1206,24d10m40.8s,15d45m6.2s,69,69,69,0,4,10,2.61
1207,24d10m40.9s,15d46m8.4s,144,144,144,0,4,112,3.20
1208,24d10m40.9s,15d45m55.6s,29,27,28,0,4,211,1
1209,24d10m41.0s,15d46m46.0s,24,23,24,90,4,-41,1.28
1210,24d10m41.0s,15d47m23.7s,15,14,15,0,4,205,0.91
1211,24d10m41.0s,15d46m48.8s,68,40,59,25,4,11,1.56
1212,24d10m41.1s,15d47m30.3s,30,30,30,0,4,-210,1.05
1213,24d10m41.2s,15d46m44.8s,78,68,74,0,2,113,3.51
1214,24d10m41.3s,15d48m13.2s,26,20,24,50,4,-186,1.40
1215,24d10m41.3s,15d46m35.8s,15,14,15,90,4,2,1.52
1216,24d10m41.5s,15d47m29.3s,27,21,25,0,4,172,0.72
1217,24d10m41.6s,15d47m0.3s,25,15,22,40,4,-191,1.34
1218,24d10m41.6s,15d46m37.5s,55,54,54,0,4,192,0.78
1219,24d10m41.6s,15d46m54.7s,23,22,22,0,4,192,0.85
1220,24d10m41.9s,15d46m52.2s,18,18,18,0,4,-19,1.40
1221,24d10m42.1s,15d47m26.0s,55,36,49,0,4,199,1
1222,24d10m42.2s,15d46m47.1s,294,182,256,-50,4,-196,1.20
1223,24d10m42.2s,15d46m41.4s,38,37,38,0,4,-184,1.39
1224,24d10m42.2s,15d46m36.6s,13,13,13,0,2,-132,2.23
1225,24d10m42.2s,15d47m45.1s,26,14,22,0,4,186,0.81
1226,24d10m42.3s,15d46m55.0s,15,14,14,90,4,-113,1.87
1227,24d10m42.3s,15d46m25.2s,23,19,22,90,4,21,1.62
1228,24d10m42.3s,15d47m31.2s,21,20,20,0,4,187,0.85
1229,24d10m42.5s,15d46m53.3s,35,35,35,0,2,156,3.74
1230,24d10m42.5s,15d48m17.9s,24,22,23,90,4,-118,1.84
1231,24d10m42.6s,15d46m26.1s,64,59,62,50,4,-186,1.32
1232,24d10m42.6s,15d46m38.6s,20,20,20,0,2,-128,2.25
1233,24d10m42.6s,15d47m45.4s,19,19,19,0,4,34,1.69
1234,24d10m42.7s,15d47m32.7s,32,27,31,60,4,55,2.86
1235,24d10m42.7s,15d46m3.4s,14,13,14,90,4,-111,1.87
1236,24d10m42.8s,15d46m25.3s,11,11,11,0,2,-48,2.66
1237,24d10m42.8s,15d47m54.4s,17,17,17,0,4,-18,1.40
1238,24d10m42.9s,15d47m25.4s,167,143,159,-30,4,208,3.72
1239,24d10m43.0s,15d45m44.9s,19,17,18,0,4,167,0.79
1240,24d10m43.0s,15d46m58.7s,25,21,24,0,4,147,0.79
1241,24d10m43.0s,15d47m3.1s,10,9,10,90,4,-190,1.18
1242,24d10m43.1s,15d46m42.7s,17,17,17,0,1,35,5.19
1243,24d10m43.1s,15d48m48.7s,28,28,28,0,1,-116,4.37
1244,24d10m43.3s,15d48m31.2s,30,23,28,0,4,178,0.86
1245,24d10m43.4s,15d46m54.6s,16,15,16,90,4,32,1.68
1246,24d10m43.4s,15d47m32.1s,14,14,14,0,4,-161,0.81
1247,24d10m43.5s,15d46m59.1s,27,25,26,90,4,-174,1.41
1248,24d10m43.6s,15d46m37.0s,23,23,23,0,4,-173,0.85
1249,24d10m43.6s,15d46m56.0s,56,56,56,0,4,244,3.92
1250,24d10m43.8s,15d45m40.9s,23,23,23,0,4,39,2.76
1251,24d10m43.8s,15d46m5.9s,35,35,35,0,4,-17,1.41
1252,24d10m43.9s,15d47m25.0s,33,33,33,0,4,-78,1.11
1253,24d10m43.9s,15d47m16.5s,11,11,11,0,4,36,1.70
1254,24d10m43.9s,15d47m32.2s,32,21,29,40,4,-35,1.32
1255,24d10m44.0s,15d47m22.5s,31,20,27,0,4,171,0.88
1256,24d10m44.1s,15d46m55.2s,31,28,30,0,4,152,0.84
1257,24d10m44.2s,15d47m0.1s,14,13,13,90,4,-30,1.34
1258,24d10m44.2s,15d47m23.1s,14,14,14,0,4,131,2.20
1259,24d10m44.3s,15d47m43.6s,66,44,58,70,1,-128,4.33
1260,24d10m44.4s,15d48m30.1s,48,30,42,-70,4,-1,1.49
1261,24d10m44.4s,15d47m26.7s,75,75,75,0,4,51,2.82
1262,24d10m44.4s,15d46m4.7s,18,18,18,0,2,172,3.84
1263,24d10m44.4s,15d48m19.5s,11,11,11,0,4,37,1.71
1264,24d10m44.4s,15d47m32.2s,12,12,12,0,4,-159,0.87
1265,24d10m44.5s,15d46m57.7s,46,30,41,-60,2,80,3.36
1266,24d10m44.7s,15d48m9.1s,33,33,33,0,2,59,3.24
1267,24d10m44.8s,15d48m6.6s,26,26,26,0,4,-113,1.84
1268,24d10m44.8s,15d46m27.0s,17,17,17,0,4,-73,1.14
1269,24d10m45.0s,15d47m16.3s,82,82,82,0,4,-10,2.44
1270,24d10m45.1s,15d46m13.4s,15,11,14,0,4,154,0.90
1271,24d10m45.1s,15d46m57.7s,90,46,75,40,4,-174,1.13
1272,24d10m45.2s,15d46m46.5s,14,14,14,0,4,-157,0.91
1273,24d10m45.2s,15d46m57.1s,14,14,14,0,4,13,1.57
1274,24d10m45.2s,15d47m28.2s,21,15,19,5,4,8,1.55
1275,24d10m45.3s,15d47m27.7s,45,45,45,0,2,164,3.80
1276,24d10m45.3s,15d48m18.6s,23,22,23,90,4,-161,1.43
1277,24d10m45.3s,15d46m37.6s,33,33,33,0,1,-77,4.62
1278,24d10m45.3s,15d48m36.2s,45,44,45,0,4,-168,1.30
1279,24d10m45.5s,15d46m41.4s,10,9,10,0,4,153,0.92
1280,24d10m45.5s,15d46m57.4s,21,16,19,-40,4,-169,1.25
1281,24d10m45.6s,15d46m42.8s,13,12,13,90,4,-170,1.23
1282,24d10m45.6s,15d46m43.7s,17,14,16,0,4,-168,1.28
1283,24d10m45.6s,15d46m42.1s,38,28,34,50,4,-23,1.38
1284,24d10m45.6s,15d47m22.9s,30,30,30,0,1,31,5.23
1285,24d10m45.7s,15d48m49.0s,37,37,37,0,4,-167,1.09
1286,24d10m45.7s,15d46m48.5s,13,13,13,0,4,-153,0.93
1287,24d10m45.7s,15d46m56.9s,54,54,54,0,2,-135,2.24
1288,24d10m46.1s,15d47m43.8s,35,35,35,0,2,-214,5.23
1289,24d10m46.2s,15d45m13.3s,62,50,58,90,4,6,1.54
1290,24d10m46.2s,15d47m26.7s,81,81,81,0,4,72,2.93
1291,24d10m46.3s,15d46m3.0s,17,13,16,0,4,-28,1.37
1292,24d10m46.3s,15d47m22.1s,28,28,28,0,2,-36,2.74
1293,24d10m46.4s,15d47m55.0s,24,22,24,90,4,-158,1.38
1294,24d10m46.5s,15d46m39.9s,27,27,27,0,2,-248,5
1295,24d10m46.5s,15d45m18.3s,16,11,14,90,4,-160,1.29
1296,24d10m46.6s,15d46m42.9s,19,19,19,0,2,-236,5.07
1297,24d10m46.6s,15d45m16.7s,35,33,34,0,4,23,1.64
1298,24d10m46.9s,15d47m28.9s,25,25,25,0,2,-217,5.18
1299,24d10m47.0s,15d45m14.3s,16,15,16,90,4,-16,1.44
1300,24d10m47.1s,15d47m23.3s,19,19,19,0,4,3,1.51
1301,24d10m47.2s,15d47m25.1s,17,14,16,90,4,37,1.71
1302,24d10m47.5s,15d47m30.4s,27,18,24,-40,4,-150,1.36
1303,24d10m47.5s,15d46m41.6s,20,19,20,0,4,20,1.62
1304,24d10m47.6s,15d47m27.8s,14,13,14,0,4,143,1.07
1305,24d10m47.6s,15d46m53.0s,54,54,54,0,2,49,3.21
1306,24d10m47.7s,15d48m5.1s,20,20,20,0,4,-7,2.46
1307,24d10m47.9s,15d46m14.1s,13,13,13,0,4,-148,1.35
1308,24d10m47.9s,15d46m42.3s,45,45,45,0,4,-121,1.70
1309,24d10m48.0s,15d46m32.4s,27,27,27,0,2,-16,2.87
1310,24d10m48.3s,15d47m57.3s,21,20,20,90,4,4,1.53
1311,24d10m48.3s,15d47m25.0s,46,46,46,0,4,14,1.60
1312,24d10m48.4s,15d47m26.7s,238,185,220,-65,2,77,3.36
1313,24d10m48.7s,15d48m8.1s,92,55,79,0,4,149,3.34
1314,24d10m48.9s,15d45m54.7s,23,22,23,90,4,-25,1.39
1315,24d10m49.0s,15d47m20.0s,18,14,17,0,4,40,1.72
1316,24d10m49.2s,15d47m29.5s,18,18,18,0,4,-2,2.48
1317,24d10m49.2s,15d46m14.3s,14,13,14,0,4,-125,1.10
1318,24d10m49.2s,15d46m56.2s,17,17,17,0,4,-92,1.09
1319,24d10m49.2s,15d47m5.4s,27,27,27,0,2,-114,2.38
1320,24d10m49.3s,15d47m45.5s,56,29,47,60,4,75,2.92
1321,24d10m49.7s,15d46m4.4s,52,52,52,0,2,172,3.86
1322,24d10m49.7s,15d48m18.7s,31,31,31,0,4,-90,1.11
1323,24d10m49.8s,15d47m4.8s,42,39,41,90,4,12,1.58
1324,24d10m49.8s,15d47m25.0s,22,22,22,0,4,-19,1.42
1325,24d10m49.8s,15d47m20.1s,42,42,42,0,4,-1,1.52
1326,24d10m49.9s,15d47m23.2s,11,11,11,0,4,-21,1.42
1327,24d10m50.0s,15d47m19.7s,71,49,63,90,4,-127,1.49
1328,24d10m50.1s,15d46m40.1s,54,54,54,0,4,14,2.56
1329,24d10m50.4s,15d46m13.0s,13,13,13,0,4,-116,1.16
1330,24d10m50.5s,15d46m55.7s,40,40,40,0,1,4,5.19
1331,24d10m51.0s,15d48m47.3s,28,28,28,0,2,-3,2.95
1332,24d10m51.1s,15d47m58.0s,67,47,60,80,4,145,3.30
1333,24d10m51.1s,15d45m56.3s,26,23,25,90,4,-115,1.59
1334,24d10m51.1s,15d46m38.2s,16,16,16,0,4,-106,1.67
1335,24d10m51.4s,15d46m36.0s,15,15,15,0,4,-104,1.71
1336,24d10m51.4s,15d46m34.9s,18,18,18,0,4,29,1.67
1337,24d10m51.7s,15d47m25.9s,25,22,24,0,4,-109,1.56
1338,24d10m52.2s,15d46m40.4s,24,22,24,90,4,-98,1.72
1339,24d10m52.2s,15d46m35.5s,24,23,24,90,4,-109,1.54
1340,24d10m52.3s,15d46m41.2s,22,22,22,0,4,-44,1.29
1341,24d10m52.4s,15d47m10.2s,41,39,40,90,4,-100,1.68
1342,24d10m52.5s,15d46m36.9s,19,19,19,0,4,34,1.70
1343,24d10m52.5s,15d47m26.0s,19,19,19,0,4,-47,1.29
1344,24d10m52.6s,15d47m9.5s,21,21,21,0,2,108,3.54
1345,24d10m52.6s,15d48m10.7s,18,17,18,90,4,-104,1.55
1346,24d10m53.0s,15d46m41.9s,39,39,39,0,4,67,2.85
1347,24d10m53.2s,15d46m7.5s,22,22,22,0,2,80,3.40
1348,24d10m53.6s,15d48m7.3s,50,50,50,0,4,-11,2.36
1349,24d10m53.7s,15d46m19.4s,42,42,42,0,1,-184,4.25
1350,24d10m53.8s,15d48m26.0s,28,28,28,0,2,159,3.81
1351,24d10m54.0s,15d48m16.2s,25,25,25,0,1,-154,4.41
1352,24d10m54.0s,15d48m29.5s,10,10,10,90,4,49,1.78
1353,24d10m54.3s,15d47m26.7s,20,20,20,0,1,-173,4.32
1354,24d10m54.3s,15d48m27.4s,27,27,27,0,2,103,3.52
1355,24d10m54.4s,15d48m9.7s,22,22,22,0,2,112,3.57
1356,24d10m54.5s,15d48m10.8s,17,17,17,0,4,-11,1.48
1357,24d10m54.5s,15d47m15.3s,256,154,222,-79,4,-87,1.71
1358,24d10m54.6s,15d46m38.4s,167,114,149,0,4,39,1.74
1359,24d10m54.6s,15d47m24.7s,11,11,11,90,4,51,1.79
1360,24d10m54.6s,15d47m26.6s,32,32,32,0,2,3,2.98
1361,24d10m55.1s,15d47m57.0s,39,39,39,0,1,-187,4.27
1362,24d10m55.2s,15d48m26.0s,18,16,17,-50,4,62,1.85
1363,24d10m55.2s,15d47m27.8s,22,22,22,0,4,-28,1.41
1364,24d10m55.5s,15d47m9.1s,28,28,28,0,4,120,2.16
1365,24d10m55.7s,15d47m36.2s,21,21,21,0,4,97,3
1366,24d10m55.8s,15d46m5.2s,53,52,53,90,2,215,4.10
1367,24d10m55.8s,15d48m22.1s,32,32,32,0,2,135,3.70
1368,24d10m56.0s,15d48m13.0s,26,26,26,0,2,106,3.56
1369,24d10m56.3s,15d48m9.8s,25,25,25,0,4,-19,1.46
1370,24d10m56.6s,15d47m9.3s,36,36,36,0,4,64,2.80
1371,24d10m56.7s,15d46m10.4s,41,40,41,0,4,-28,1.45
1372,24d10m56.9s,15d47m6.7s,38,38,38,0,2,39,3.21
1373,24d10m56.9s,15d48m1.4s,29,25,28,-70,4,64,1.87
1374,24d10m56.9s,15d47m26.5s,33,33,33,0,4,-19,2.25
1375,24d10m57.0s,15d46m24.7s,12,12,12,0,2,-280,4.51
1376,24d10m57.1s,15d45m31.4s,34,34,34,0,4,-10,2.31
1377,24d10m57.1s,15d46m23.2s,41,35,39,0,4,-30,1.45
1378,24d10m57.2s,15d47m5.5s,22,21,22,0,4,-33,1.45
1379,24d10m57.2s,15d47m4.6s,17,17,17,0,2,120,3.64
1380,24d10m57.3s,15d48m11.1s,25,25,25,0,2,127,3.67
1381,24d10m57.3s,15d48m11.8s,29,29,29,0,4,40,1.77
1382,24d10m57.6s,15d47m22.0s,17,17,17,0,4,-64,1.73
1383,24d10m57.7s,15d46m41.7s,21,18,20,0,4,-20,1.49
1384,24d10m57.8s,15d47m7.2s,16,16,16,0,4,-23,1.48
1385,24d10m57.8s,15d47m5.9s,21,21,21,0,4,-33,1.47
1386,24d10m58.0s,15d47m3.1s,22,22,22,0,2,123,3.66
1387,24d10m58.1s,15d48m11.2s,27,22,26,70,4,-49,1.53
1388,24d10m58.4s,15d46m53.7s,41,41,41,0,4,66,1.88
1389,24d10m58.4s,15d47m25.3s,37,37,37,0,2,135,3.72
1390,24d10m58.4s,15d48m12.5s,36,30,34,0,4,-40,1.50
1391,24d10m58.6s,15d46m59.7s,43,43,43,0,4,-6,2.33
1392,24d10m58.6s,15d46m23.8s,36,33,35,90,4,-10,1.55
1393,24d10m58.7s,15d47m8.5s,35,35,35,0,2,41,3.24
1394,24d10m58.7s,15d48m1.2s,33,31,33,90,4,30,1.71
1395,24d10m58.8s,15d47m18.0s,32,32,32,0,4,-6,2.29
1396,24d10m59.4s,15d46m25.5s,28,28,28,0,4,-34,1.54
1397,24d10m59.4s,15d46m58.6s,66,56,63,0,2,202,4.07
1398,24d10m59.5s,15d48m20.0s,34,34,34,0,4,-37,1.57
1399,24d10m59.7s,15d46m55.9s,23,17,21,-30,4,-16,1.56
1400,24d10m59.8s,15d47m4.0s,19,19,19,0,2,139,3.74
1401,24d10m59.8s,15d48m12.3s,21,21,21,0,4,78,2.84
1402,24d10m59.8s,15d46m11.3s,19,17,18,90,4,42,1.78
1403,24d10m59.8s,15d47m19.1s,23,22,23,0,4,-28,1.57
1404,24d10m60.0s,15d46m59.5s,25,25,25,0,4,85,2.88
1405,24d11m0.0s,15d46m10.3s,124,107,118,0,4,-18,1.58
1406,24d11m0.4s,15d47m2.2s,22,22,22,0,4,78,2.83
1407,24d11m0.4s,15d46m11.9s,31,31,31,0,4,-12,2.20
1408,24d11m0.6s,15d46m29.2s,25,25,25,0,4,19,1.67
1409,24d11m0.6s,15d47m12.0s,34,25,31,0,4,-9,1.60
1410,24d11m0.6s,15d47m4.5s,31,31,31,0,2,47,3.27
1411,24d11m0.8s,15d48m0.9s,50,50,50,0,4,77,2.82
1412,24d11m1.2s,15d46m12.9s,27,27,27,0,2,42,3.25
1413,24d11m1.4s,15d47m60.0s,28,28,28,0,2,52,3.30
1414,24d11m1.9s,15d48m0.9s,127,115,123,60,4,-18,1.66
1415,24d11m1.9s,15d46m57.6s,21,21,21,0,4,-10,1.66
1416,24d11m2.0s,15d46m59.7s,51,51,51,0,2,-276,4.37
1417,24d11m2.1s,15d45m36.3s,30,29,30,0,4,17,1.70
1418,24d11m2.1s,15d47m8.4s,22,22,22,0,4,31,1.75
1419,24d11m2.5s,15d47m11.3s,17,17,17,0,4,99,2.94
1420,24d11m2.5s,15d46m10.6s,31,31,31,0,4,90,2.88
1421,24d11m2.6s,15d46m12.1s,30,21,27,0,4,22,1.73
1422,24d11m2.7s,15d47m9.4s,48,30,42,90,4,3,1.69
1423,24d11m2.7s,15d47m3.1s,15,15,15,0,4,-17,2.04
1424,24d11m2.8s,15d46m37.2s,33,33,33,0,2,88,3.49
1425,24d11m2.9s,15d48m5.0s,28,27,28,0,4,16,1.72
1426,24d11m3.0s,15d47m6.3s,20,19,20,90,4,-5,1.71
1427,24d11m3.0s,15d46m59.2s,31,29,31,0,4,22,1.74
1428,24d11m3.1s,15d47m8.0s,38,35,37,-60,4,-14,2.08
1429,24d11m3.1s,15d46m36.4s,12,12,12,0,4,3,1.72
1430,24d11m3.3s,15d47m0.1s,32,32,32,0,4,108,2.99
1431,24d11m3.3s,15d46m9.8s,18,17,18,90,4,0,1.75
1432,24d11m3.9s,15d46m58.2s,48,48,48,0,4,87,2.85
1433,24d11m3.9s,15d46m13.9s,95,74,88,0,2,38,3.24
1434,24d11m4.1s,15d47m58.2s,24,24,24,0,4,107,2.97
1435,24d11m4.1s,15d46m10.9s,36,36,36,0,2,-207,4.83
1436,24d11m4.2s,15d45m26.8s,23,23,23,0,4,9,1.76
1437,24d11m4.3s,15d47m0.4s,32,32,32,0,4,4,1.78
1438,24d11m4.5s,15d46m59.1s,32,32,32,0,4,4,1.78
1439,24d11m4.6s,15d46m57.5s,16,16,16,0,4,12,2.28
1440,24d11m4.7s,15d46m31.2s,32,32,32,0,2,12,3.11
1441,24d11m4.7s,15d47m54.5s,53,52,52,0,4,72,1.94
1442,24d11m4.8s,15d47m17.1s,46,46,46,0,2,62,3.36
1443,24d11m4.8s,15d48m0.8s,28,26,28,90,4,-5,1.96
1444,24d11m5.0s,15d46m44.6s,26,26,26,0,4,116,3.02
1445,24d11m5.0s,15d46m10.3s,40,40,40,0,4,12,2.22
1446,24d11m5.4s,15d46m34.2s,14,14,14,0,4,24,1.82
1447,24d11m5.4s,15d47m3.8s,35,35,35,0,4,20,2.32
1448,24d11m5.5s,15d46m30.8s,80,80,80,0,4,170,3.34
1449,24d11m5.7s,15d46m2.6s,16,16,16,0,4,83,1.99
1450,24d11m5.8s,15d47m17.7s,307,240,285,-50,2,-230,4.60
1451,24d11m5.9s,15d45m32.7s,28,17,25,90,4,90,2.03
1452,24d11m5.9s,15d47m19.2s,27,27,27,0,4,24,2.31
1453,24d11m5.9s,15d46m31.6s,14,14,14,0,4,83,1.99
1454,24d11m6.1s,15d47m17.0s,9,9,9,90,4,90,2.03
1455,24d11m6.2s,15d47m18.8s,34,34,34,0,4,13,2.14
1456,24d11m6.2s,15d46m38.4s,20,18,19,0,4,23,2.31
1457,24d11m6.6s,15d46m32.7s,19,19,19,0,4,84,2
1458,24d11m6.7s,15d47m16.1s,92,92,92,0,4,110,2.96
1459,24d11m6.9s,15d46m13.1s,20,20,20,0,4,82,2
1460,24d11m6.9s,15d47m15.4s,22,22,22,0,4,13,2.14
1461,24d11m7.0s,15d46m39.7s,44,44,44,0,4,34,2.39
1462,24d11m7.1s,15d46m30.5s,21,21,21,0,4,66,1.96
1463,24d11m7.1s,15d47m11.7s,19,19,19,0,2,109,3.61
1464,24d11m7.3s,15d48m5.5s,37,37,37,0,4,28,2.31
1465,24d11m7.3s,15d46m33.7s,16,16,16,0,4,15,2.14
1466,24d11m7.4s,15d46m40.6s,31,29,31,0,4,65,1.96
1467,24d11m7.4s,15d47m10.8s,42,23,36,90,4,36,1.91
1468,24d11m7.4s,15d47m2.7s,16,16,16,0,4,16,2
1469,24d11m7.4s,15d46m48.7s,54,54,54,0,4,30,1.91
1470,24d11m7.4s,15d46m59.6s,55,52,54,90,4,96,2.06
1471,24d11m7.6s,15d47m17.3s,18,17,18,90,4,33,2.36
1472,24d11m7.6s,15d46m32.3s,19,19,19,0,4,37,1.92
1473,24d11m7.8s,15d47m1.1s,27,27,27,0,4,19,2.03
1474,24d11m7.8s,15d46m47.8s,21,21,21,0,4,89,2.04
1475,24d11m7.8s,15d47m15.5s,23,23,23,0,4,73,1.99
1476,24d11m7.8s,15d47m12.0s,26,20,24,0,4,32,1.95
1477,24d11m7.9s,15d46m55.6s,23,23,23,0,4,22,2.19
1478,24d11m8.0s,15d46m39.6s,19,19,19,0,4,42,1.94
1479,24d11m8.1s,15d47m1.8s,22,22,22,0,4,23,2.18
1480,24d11m8.2s,15d46m40.5s,25,25,25,0,4,26,2.21
1481,24d11m8.3s,15d46m38.9s,20,19,20,90,4,40,2.40
1482,24d11m8.3s,15d46m31.6s,34,34,34,0,4,46,1.95
1483,24d11m8.3s,15d47m3.8s,25,25,25,90,4,100,2.09
1484,24d11m8.3s,15d47m17.0s,18,13,16,30,4,56,1.96
1485,24d11m8.4s,15d47m6.1s,12,12,12,90,4,44,1.95
1486,24d11m8.4s,15d47m2.3s,17,17,17,0,4,39,2.37
1487,24d11m8.4s,15d46m32.8s,24,24,24,0,4,46,2.45
1488,24d11m8.5s,15d46m30.3s,18,17,18,0,4,38,1.99
1489,24d11m8.9s,15d46m55.3s,25,25,25,0,4,109,2.13
1490,24d11m8.9s,15d47m17.9s,20,20,20,0,4,44,2.41
1491,24d11m9.0s,15d46m32.3s,44,37,41,90,4,51,1.98
1492,24d11m9.0s,15d47m3.3s,43,35,40,-20,4,81,2.04
1493,24d11m9.0s,15d47m11.4s,21,21,21,0,4,44,2.40
1494,24d11m9.1s,15d46m32.9s,55,43,51,0,4,44,1.99
1495,24d11m9.1s,15d46m58.0s,33,33,33,0,2,96,3.56
1496,24d11m9.2s,15d48m2.9s,18,18,18,0,4,33,2.25
1497,24d11m9.3s,15d46m39.3s,16,16,16,0,4,110,2.14
1498,24d11m9.4s,15d47m17.4s,37,37,37,0,4,51,2.46
1499,24d11m9.4s,15d46m31.0s,15,14,15,0,4,64,2.01
1500,24d11m9.4s,15d47m6.1s,24,24,24,0,4,40,2.30
1501,24d11m9.4s,15d46m37.3s,29,29,29,0,4,46,2.01
1502,24d11m9.4s,15d46m56.4s,53,53,53,0,4,103,2.12
1503,24d11m9.5s,15d47m15.9s,12,10,11,0,4,117,2.18
1504,24d11m9.5s,15d47m19.1s,42,42,42,0,4,43,2.37
1505,24d11m9.6s,15d46m34.5s,69,56,64,50,4,51,2.01
1506,24d11m9.6s,15d47m1.0s,582,493,552,70,4,89,2.78
1507,24d11m9.6s,15d46m20.7s,153,97,134,-10,4,75,2.04
1508,24d11m9.7s,15d47m8.2s,23,23,23,0,4,52,2.44
1509,24d11m9.8s,15d46m32.2s,12,12,12,90,4,69,2.04
1510,24d11m10.1s,15d47m6.1s,51,51,51,0,4,42,2.30
1511,24d11m10.1s,15d46m38.5s,20,20,20,0,4,64,2.04
1512,24d11m10.1s,15d47m4.8s,11,8,10,90,4,72,2.06
1513,24d11m10.4s,15d47m6.1s,33,33,33,0,4,55,2.05
1514,24d11m10.5s,15d46m59.2s,29,29,29,0,4,96,2.12
1515,24d11m10.5s,15d47m12.5s,28,27,28,0,4,63,2.05
1516,24d11m10.5s,15d47m2.7s,49,32,43,50,4,116,2.18
1517,24d11m10.6s,15d47m16.8s,17,16,16,90,4,62,2.05
1518,24d11m10.6s,15d47m1.6s,111,65,96,40,4,44,2.12
1519,24d11m10.7s,15d46m49.8s,53,53,53,0,4,51,2.35
1520,24d11m10.8s,15d46m37.2s,131,110,124,-60,4,45,2.25
1521,24d11m10.8s,15d46m42.3s,34,34,34,0,4,47,2.12
1522,24d11m10.9s,15d46m50.8s,40,40,40,0,4,59,2.47
1523,24d11m11.0s,15d46m32.9s,58,58,58,0,4,148,3.16
1524,24d11m11.0s,15d46m11.2s,22,22,22,0,4,77,2.09
1525,24d11m11.0s,15d47m6.2s,26,26,26,0,4,112,2.18
1526,24d11m11.1s,15d47m15.4s,15,15,15,0,4,69,2.08
1527,24d11m11.2s,15d47m2.9s,27,24,26,90,4,63,2.09
1528,24d11m11.3s,15d46m58.0s,33,33,33,90,4,64,2.09
1529,24d11m11.3s,15d47m0.4s,20,20,20,0,4,76,2.10
1530,24d11m11.5s,15d47m5.0s,18,17,18,90,4,69,2.09
1531,24d11m11.5s,15d47m1.8s,19,18,19,0,4,51,2.16
1532,24d11m11.5s,15d46m50.1s,50,50,50,0,2,-200,4.61
1533,24d11m11.5s,15d45m35.1s,19,19,19,0,4,74,2.11
1534,24d11m11.7s,15d47m3.6s,30,25,28,0,4,70,2.10
1535,24d11m11.7s,15d47m1.4s,20,20,20,0,4,60,2.39
1536,24d11m11.7s,15d46m37.2s,39,39,39,0,4,66,2.12
1537,24d11m11.8s,15d46m56.7s,29,29,29,0,4,141,3.09
1538,24d11m11.8s,15d46m13.6s,19,19,19,40,4,74,2.11
1539,24d11m11.8s,15d47m2.5s,16,14,15,90,4,58,2.20
1540,24d11m12.3s,15d46m49.6s,11,10,11,90,4,85,2.14
1541,24d11m12.4s,15d47m5.4s,32,30,31,90,4,62,2.19
1542,24d11m12.6s,15d46m51.6s,28,28,28,0,4,60,2.29
1543,24d11m12.6s,15d46m44.3s,29,29,29,0,2,-206,4.51
1544,24d11m12.7s,15d45m38.0s,30,30,30,0,2,-96,2.67
1545,24d11m12.7s,15d47m34.4s,58,48,55,0,4,107,2.19
1546,24d11m12.7s,15d47m10.3s,22,22,22,0,4,75,2.15
1547,24d11m12.7s,15d46m59.3s,45,45,45,0,4,84,2.16
1548,24d11m12.8s,15d47m3.6s,14,14,14,0,4,69,2.22
1549,24d11m13.3s,15d46m51.9s,19,15,17,-30,4,67,2.30
1550,24d11m13.3s,15d46m45.8s,81,65,76,60,4,67,2.27
1551,24d11m13.3s,15d46m47.4s,18,18,18,0,4,69,2.36
1552,24d11m13.5s,15d46m42.7s,14,13,13,90,4,69,2.30
1553,24d11m13.6s,15d46m46.3s,21,21,21,0,4,123,2.26
1554,24d11m13.6s,15d47m13.2s,105,105,105,0,4,155,3.16
1555,24d11m13.6s,15d46m13.4s,119,76,104,80,4,101,2.21
1556,24d11m13.7s,15d47m7.1s,23,23,23,0,4,86,2.20
1557,24d11m13.8s,15d47m0.9s,32,32,32,0,2,-89,2.73
1558,24d11m14.1s,15d47m34.6s,38,30,35,0,4,75,2.27
1559,24d11m14.2s,15d46m50.9s,25,24,25,0,4,100,2.23
1560,24d11m14.3s,15d47m5.4s,48,48,48,0,4,100,2.74
1561,24d11m14.4s,15d46m27.6s,36,36,36,0,4,91,2.63
1562,24d11m14.4s,15d46m31.7s,79,79,79,0,4,90,2.23
1563,24d11m14.4s,15d46m58.5s,12,12,12,90,4,81,2.30
1564,24d11m14.9s,15d46m51.3s,20,20,20,0,4,81,2.33
1565,24d11m15.0s,15d46m48.4s,19,18,19,90,4,107,2.27
1566,24d11m15.1s,15d47m5.5s,53,53,53,0,2,14,3.18
1567,24d11m15.2s,15d47m47.9s,35,24,31,0,4,105,2.73
1568,24d11m15.2s,15d46m29.0s,19,19,19,0,2,-193,4.50
1569,24d11m15.4s,15d45m39.6s,22,21,22,90,4,86,2.34
1570,24d11m15.5s,15d46m49.4s,24,24,24,0,4,116,2.84
1571,24d11m15.9s,15d46m26.2s,32,32,32,0,4,102,2.68
1572,24d11m15.9s,15d46m32.2s,15,14,15,0,4,92,2.39
1573,24d11m16.2s,15d46m48.1s,55,55,55,0,2,-159,2.50
1574,24d11m16.3s,15d47m20.9s,31,22,28,90,4,104,2.33
1575,24d11m16.4s,15d46m56.7s,21,21,21,0,2,-194,4.46
1576,24d11m16.4s,15d45m41.2s,18,18,18,0,4,98,2.35
1577,24d11m16.5s,15d46m52.9s,46,46,46,0,4,184,3.30
1578,24d11m16.9s,15d46m12.4s,27,26,27,90,4,128,2.90
1579,24d11m17.0s,15d46m25.4s,148,101,132,-30,4,107,2.36
1580,24d11m17.0s,15d46m55.6s,28,28,28,0,4,121,2.82
1581,24d11m17.0s,15d46m28.2s,36,36,36,0,4,124,2.86
1582,24d11m17.0s,15d46m26.9s,24,23,24,0,4,131,2.93
1583,24d11m17.0s,15d46m24.5s,42,42,42,0,2,-103,5.22
1584,24d11m17.1s,15d45m23.5s,49,49,49,0,4,121,2.81
1585,24d11m17.1s,15d46m29.0s,20,20,20,0,4,139,2.97
1586,24d11m17.7s,15d46m23.8s,21,16,19,0,4,117,2.39
1587,24d11m17.8s,15d46m57.4s,27,27,27,0,4,174,3.22
1588,24d11m17.8s,15d46m15.6s,25,25,25,0,2,-67,2.88
1589,24d11m18.3s,15d47m34.1s,21,21,21,0,4,136,2.91
1590,24d11m18.6s,15d46m27.2s,87,58,78,30,2,-195,4.35
1591,24d11m18.6s,15d45m45.4s,33,33,33,0,2,-217,3.92
1592,24d11m18.7s,15d45m56.5s,38,38,38,0,2,-210,4.03
1593,24d11m18.9s,15d45m53.8s,64,64,64,0,4,146,2.98
1594,24d11m19.1s,15d46m25.2s,20,20,20,0,4,144,2.96
1595,24d11m19.2s,15d46m26.2s,19,19,19,0,4,149,3
1596,24d11m19.4s,15d46m25.0s,43,43,43,0,2,-80,2.84
1597,24d11m19.7s,15d47m30.6s,31,31,31,0,2,-202,4.04
1598,24d11m19.9s,15d45m54.2s,37,37,37,0,4,192,3.30
1599,24d11m20.3s,15d46m15.8s,37,37,37,0,2,-63,2.92
1600,24d11m20.5s,15d47m32.6s,27,27,27,0,4,130,2.69
1601,24d11m20.6s,15d46m40.8s,146,121,138,0,2,-189,4.24
1602,24d11m20.7s,15d45m49.5s,37,37,37,0,4,220,3.48
1603,24d11m20.9s,15d46m11.0s,43,41,42,90,2,-178,4.37
1604,24d11m20.9s,15d45m46.5s,21,21,21,0,4,174,3.15
1605,24d11m21.2s,15d46m21.9s,46,46,46,0,4,214,3.44
1606,24d11m21.3s,15d46m12.6s,40,40,40,0,2,-66,2.92
1607,24d11m21.3s,15d47m31.3s,17,17,17,0,4,232,3.55
1608,24d11m21.4s,15d46m9.2s,82,82,82,0,4,140,2.77
1609,24d11m21.7s,15d46m38.9s,188,144,173,-80,4,197,3.30
1610,24d11m22.1s,15d46m17.8s,28,28,28,0,4,144,2.76
1611,24d11m22.2s,15d46m40.9s,255,222,244,70,4,150,2.86
1612,24d11m22.3s,15d46m35.8s,18,18,18,0,2,-222,3.68
1613,24d11m22.4s,15d46m6.4s,56,56,56,0,2,-233,3.55
1614,24d11m22.6s,15d46m10.5s,45,45,45,0,4,227,3.49
1615,24d11m23.4s,15d46m13.1s,24,24,24,0,2,-156,4.27
1616,24d11m24.9s,15d45m52.0s,31,31,31,0,4,177,2.76
1617,24d11m25.6s,15d46m54.3s,61,37,53,90,2,-147,4.25
1618,24d11m26.2s,15d45m53.4s,149,110,136,-60,4,182,2.82
1619,24d11m26.5s,15d46m51.5s,48,48,48,0,2,-170,2.80
1620,24d11m26.9s,15d47m1.4s,38,30,36,-60,2,-190,2.87
1621,24d11m27.7s,15d46m51.5s,8,8,8,0,2,-159,2.85
1622,24d11m27.9s,15d47m2.2s,39,39,39,0,2,-17,5.54
1623,24d11m28.1s,15d45m21.6s,13,13,13,0,2,-164,2.86
1624,24d11m28.3s,15d47m0.2s,21,21,21,0,2,-159,2.87
1625,24d11m28.4s,15d47m1.2s,45,45,45,0,2,-175,2.89
1626,24d11m28.6s,15d46m54.8s,26,26,26,0,2,-186,2.93
1627,24d11m28.7s,15d46m50.0s,19,19,19,0,2,-134,4.21
1628,24d11m29.2s,15d45m57.2s,41,41,41,0,2,-154,2.92
1629,24d11m29.4s,15d47m0.5s,18,18,18,0,2,-181,2.98
1630,24d11m29.5s,15d46m49.0s,18,18,18,0,2,-180,3
1631,24d11m29.8s,15d46m48.4s,48,48,48,0,2,-142,4.11
1632,24d11m29.9s,15d46m0.7s,37,37,37,0,2,-163,2.96
1633,24d11m30.0s,15d46m54.7s,34,34,34,0,2,-175,2.99
1634,24d11m30.0s,15d46m50.3s,11,11,11,0,2,-145,2.96
1635,24d11m30.5s,15d47m0.4s,13,13,13,0,2,-144,2.98
1636,24d11m30.7s,15d46m59.7s,62,47,57,-60,2,-170,3.03
1637,24d11m30.7s,15d46m49.3s,36,36,36,0,2,-145,3.03
1638,24d11m31.7s,15d46m56.8s,21,21,21,0,2,-139,3.02
1639,24d11m31.7s,15d46m58.6s,34,33,34,90,2,-164,3.75
1640,24d11m32.2s,15d46m15.4s,31,31,31,0,2,-129,3.07
1641,24d11m32.8s,15d46m58.9s,39,39,39,0,2,-9,5.39
1642,24d11m33.0s,15d45m28.4s,18,18,18,0,2,-153,3.23
1643,24d11m34.0s,15d46m44.3s,31,31,31,0,2,-6,5.39
1644,24d11m34.5s,15d45m29.3s,45,45,45,0,2,-15,5.32
1645,24d11m34.7s,15d45m31.5s,24,22,23,0,2,-52,4.92
1646,24d11m34.7s,15d45m42.0s,42,42,42,0,2,7,5.46
1647,24d11m36.0s,15d45m28.7s,52,52,52,0,2,-3,5.38
1648,24d11m36.7s,15d45m31.1s,16,16,16,0,2,13,5.49
1649,24d11m36.9s,15d45m28.6s,17,17,17,0,2,22,5.54
1650,24d11m36.9s,15d45m27.2s,19,19,19,0,2,18,5.52
1651,24d11m37.1s,15d45m27.9s,15,15,15,0,2,11,5.47
1652,24d11m37.1s,15d45m29.1s,18,18,18,0,2,-126,3.48
1653,24d11m37.7s,15d46m37.4s,22,22,22,0,2,20,5.52
1654,24d11m38.0s,15d45m28.5s,169,106,148,-20,2,-21,5.06
1655,24d11m38.3s,15d45m41.2s,9,9,9,0,2,29,5.57
1656,24d11m38.6s,15d45m27.8s,19,13,17,-10,2,-21,5.03
1657,24d11m39.4s,15d45m42.9s,39,39,39,0,2,5,5.05
1658,24d11m43.3s,15d45m46.0s,13,12,13,0,2,6,4.92
1659,24d11m44.1s,15d45m50.6s,24,24,24,0,2,-28,4.64
1660,24d11m44.2s,15d45m59.8s,22,22,22,0,2,16,5.15
1661,24d11m44.2s,15d45m43.9s,20,20,20,0,2,20,5.15
1662,24d11m45.0s,15d45m44.4s,23,23,23,0,2,-47,4.38
1663,24d11m45.2s,15d46m10.1s,14,14,14,0,2,-65,4.03
1664,24d11m45.3s,15d46m25.2s,122,96,113,50,2,20,5.02
1665,24d11m45.3s,15d45m48.7s,18,18,18,0,2,23,5.14
1666,24d11m45.4s,15d45m45.1s,24,24,24,0,2,32,5.25
1667,24d11m45.7s,15d45m42.3s,25,25,25,0,2,12,4.91
1668,24d11m45.8s,15d45m52.7s,30,30,30,0,2,40,5.37
1669,24d11m45.8s,15d45m38.8s,43,35,40,0,2,30,5.14
1670,24d11m46.2s,15d45m46.0s,48,48,48,0,2,-27,4.50
1671,24d11m46.8s,15d46m7.9s,33,33,33,0,2,36,5.23
1672,24d11m46.8s,15d45m43.8s,96,72,88,-60,2,65,5.58
1673,24d11m46.9s,15d45m34.0s,24,24,24,0,2,-30,4.47
1674,24d11m47.1s,15d46m9.4s,27,27,27,0,2,-30,4.41
1675,24d11m47.2s,15d46m11.7s,26,25,26,0,2,30,5.02
1676,24d11m47.2s,15d45m50.6s,29,29,29,0,2,40,5.22
1677,24d11m47.4s,15d45m44.9s,44,44,44,0,2,-15,4.60
1678,24d11m47.6s,15d46m5.5s,48,48,48,0,2,43,5.15
1679,24d11m47.7s,15d45m47.2s,26,26,26,0,2,-18,4.57
1680,24d11m47.7s,15d46m6.5s,35,35,35,0,2,-24,4.47
1681,24d11m47.8s,15d46m10.5s,50,50,50,0,2,51,5.32
1682,24d11m47.9s,15d45m42.3s,41,41,41,0,2,-16,4.54
1683,24d11m48.0s,15d46m8.0s,37,37,37,0,2,70,5.55
1684,24d11m48.2s,15d45m35.8s,26,26,26,0,2,49,5.17
1685,24d11m48.4s,15d45m47.2s,35,22,31,-20,2,47,5.15
1686,24d11m48.6s,15d45m48.3s,31,31,31,0,2,-14,4.50
1687,24d11m49.0s,15d46m11.1s,29,29,29,0,2,78,5.57
1688,24d11m49.3s,15d45m36.3s,23,23,23,0,2,-23,4.36
1689,24d11m49.5s,15d46m17.9s,47,47,47,0,2,-6,4.61
1690,24d11m49.7s,15d46m8.1s,20,20,20,0,2,-21,4.39
1691,24d11m49.8s,15d46m16.8s,36,36,36,0,2,-10,4.51
1692,24d11m50.0s,15d46m12.1s,39,39,39,0,2,80,5.49
1693,24d11m51.1s,15d45m40.2s,25,25,25,0,2,77,5.31
1694,24d11m51.6s,15d45m46.3s,24,24,24,0,2,70,5.13
