GLOBAL_ID
26
110
255
282
2345
1611
1618
1506
282
1207
1654
1405
1579
1520
1601
1609
3143
1414
1312
1238
1357
1507
1664
1654
1222
1450
2538
2532
2555
2534
2537
2535
2540
2582
2557
2572
32
2579
2664
2754
1753
233
2744
2732
2733
2743
2758
1982
2611
2735
2882
2872
2885
2887
2155
3027
774
3089
2831
1184
2932
2908
2979
1189
1160
1305
1211
1166
1308
3178
1207
3120
1405
1371
3223
3034
3129
3124
1332
2288
1312
1177
1189
1211
1213
1308
1469
1432
3182
1371
1614
3246
3249
3223
3285
3139
1313
1348
3194
1411
1458
3195
1554
1566
1469
1625
1631
1590
3277
3295
1689
1628
3302
1681
3309
2477
1647
1672
1647
2546
11
7
53
65
8
6
2554
2578
2588
2593
2594
2566
29
2612
155
189
2701
2691
2737
2696
2646
2680
2673
3734
466
1881
319
1742
1899
1931
1901
687
107
81
1759
1740
1780
2773
2776
236
2701
397
288
2737
535
2793
2794
2879
1974
1947
2994
2894
3033
726
2781
2910
2856
2880
2908
2863
2995
2974
3032
1125
1137
2968
3064
3049
3054
2231
2251
1417
1297
3280
3222
2372
3238
2433
2406
3250
3146
2353
3172
3209
3212
1482
3182
1424
1424
1346
1137
1125
3032
3026
3069
1119
1193
889
837
853
1097
1084
3180
3150
3110
2325
3167
155
1447
1430
1521
1536
3281
3273
3250
3310
3314
2523
3280
1680
1671
3299
3281
1622
3206
3218
3208
3150
3203
3180
23
2554
2566
2562
2568
2575
2632
351
2724
2672
2680
2702
2671
466
1812
526
1742
2726
2748
42
46
41
45
2609
2630
2766
1791
2702
2672
466
584
574
526
326
2726
828
2852
2888
2834
2914
2819
2775
2766
2785
2750
618
2751
2833
2755
413
2639
2673
85
69
2584
2603
149
160
402
2706
2746
474
2727
2776
2878
809
785
2909
2849
2815
2936
2915
2833
2914
3025
3043
3012
1208
3015
1200
3116
1417
3074
3076
3179
1159
1128
1209
1159
1083
2124
1110
1105
3102
965
2989
1131
2895
846
830
644
669
2782
638
2772
2838
327
838
872
781
3103
1337
3070
1242
1338
3156
1396
3202
3250
3254
3253
3288
3303
3312
3314
1676
3297
1674
1473
1534
3206
3208
3192
3236
3174
1387
3029
2992
1243
1354
3185
3174
1574
3236
1580
1282
3306
3305
1674
3297
1293
3314
3312
3303
1693
1673
3301
1675
2507

