GLOBAL_ID,ID,RA_DMS,DEC_DMS,SEMI_MAJ_PC,SEMI_MIN_PC,AVG_RAD_PC,PA_DEG,ARM,DIST_ARM_PC,GAL_RAD_KPC,CATALOGUE
1,1,24d08m55.9s,15d48m7.9s,86,86,86,0,3,145,5.22,A
3,3,24d08m57.0s,15d48m9.0s,42,42,42,0,3,138,5.21,A
10,10,24d08m59.3s,15d48m6.1s,209,171,196,0,3,112,5.04,A
12,12,24d09m0.4s,15d47m52.2s,163,93,139,20,3,80,4.62,A
13,13,24d09m0.4s,15d48m2.6s,50,50,50,0,3,95,4.9,A
26,26,24d09m4.3s,15d48m11.1s,204,142,183,70,3,83,5.02,A
32,32,24d09m6.8s,15d47m19.7s,62,62,62,0,3,45,3.74,A
36,36,24d09m8.1s,15d47m29.9s,42,42,42,0,3,20,3.82,A
44,44,24d09m12.5s,15d48m12.1s,144,91,127,-60,3,23,4.78,A
54,54,24d09m14.3s,15d48m6.2s,68,68,68,0,3,-10,4.52,A
56,56,24d09m14.7s,15d48m8.5s,43,40,42,-90,3,-7,4.59,A
57,57,24d09m14.8s,15d47m22.0s,52,52,52,0,3,-24,3.41,A
73,73,24d09m17.3s,15d47m8.9s,88,66,81,0,3,-14,3.17,A
74,74,24d09m17.3s,15d47m3.6s,129,87,115,20,3,7,3.15,A
75,75,24d09m17.4s,15d48m13.1s,41,41,41,0,3,-9,4.66,A
79,79,24d09m18.0s,15d47m10.8s,54,33,47,30,3,-26,3.15,A
93,93,24d09m19.9s,15d47m7.0s,80,63,74,30,3,-24,3.04,A
94,94,24d09m19.9s,15d46m46.4s,43,43,43,0,3,62,3.11,A
98,98,24d09m20.8s,15d48m1.4s,260,187,236,70,3,-74,4.15,A
99,99,24d09m20.9s,15d46m59.2s,181,120,161,-25,3,-3,2.99,A
110,110,24d09m22.7s,15d47m12.0s,230,171,211,50,3,-68,2.95,A
112,112,24d09m22.8s,15d47m5.1s,53,44,50,20,3,-39,2.9,A
114,114,24d09m23.6s,15d48m22.3s,42,42,42,0,3,-23,4.81,A
116,116,24d09m24.1s,15d46m52.4s,73,73,73,0,3,-16,2.87,A
120,120,24d09m24.4s,15d47m7.0s,62,42,56,0,3,-59,2.84,A
137,137,24d09m26.4s,15d47m16.4s,47,37,44,0,3,-110,2.83,A
140,140,24d09m26.5s,15d47m1.6s,99,57,85,40,3,-56,2.73,A
155,155,24d09m28.1s,15d46m53.9s,41,40,41,-90,3,-45,2.68,A
162,162,24d09m28.6s,15d48m28.6s,62,62,62,0,3,-31,4.93,A
172,172,24d09m30.9s,15d47m3.9s,55,55,55,0,2,98,2.53,A
174,174,24d09m31.3s,15d47m17.6s,61,59,60,-90,2,81,2.63,A
186,186,24d09m33.2s,15d48m29.3s,52,52,52,0,3,-60,4.85,A
190,190,24d09m33.5s,15d47m2.2s,117,117,117,0,2,78,2.41,A
194,194,24d09m34.1s,15d47m13.2s,59,59,59,0,2,56,2.45,A
199,199,24d09m34.7s,15d46m40.4s,45,45,45,0,2,142,2.55,A
200,200,24d09m34.8s,15d48m32.7s,59,59,59,0,3,-53,4.96,A
201,201,24d09m34.8s,15d47m4.4s,49,49,49,0,2,64,2.35,A
204,204,24d09m35.1s,15d46m56.7s,65,61,63,0,2,78,2.34,A
207,207,24d09m35.4s,15d46m59.9s,54,54,54,0,2,67,2.32,A
209,209,24d09m35.7s,15d47m6.3s,60,48,56,0,2,54,2.32,A
211,211,24d09m35.8s,15d47m8.1s,49,26,42,0,2,49,2.33,A
212,212,24d09m35.8s,15d47m20.5s,56,41,51,10,2,42,2.48,A
215,215,24d09m36.1s,15d46m53.3s,86,69,81,-20,2,79,2.32,A
222,222,24d09m36.6s,15d46m46.0s,71,47,63,0,2,105,2.38,A
228,228,24d09m37.1s,15d46m7.9s,196,143,178,20,4,-3,3.39,A
230,230,24d09m37.2s,15d46m14.9s,57,57,57,0,4,-57,3.14,A
233,233,24d09m37.4s,15d46m23.8s,45,45,45,0,4,-134,2.85,A
235,235,24d09m37.5s,15d47m30.5s,50,38,46,0,2,39,2.63,A
248,248,24d09m38.7s,15d46m55.6s,41,40,41,0,2,51,2.18,A
250,250,24d09m39.2s,15d46m57.0s,73,55,67,-50,2,43,2.15,A
251,251,24d09m39.3s,15d47m49.5s,48,38,44,50,2,93,3.15,A
252,252,24d09m39.3s,15d46m45.4s,45,31,41,-20,2,86,2.27,A
255,255,24d09m39.5s,15d46m51.8s,204,115,174,-10,2,59,2.18,A
258,258,24d09m39.6s,15d47m25.5s,45,44,45,0,2,9,2.42,A
262,262,24d09m40.2s,15d47m47.9s,48,34,43,60,2,79,3.06,A
264,264,24d09m40.4s,15d45m55.0s,98,98,98,0,4,99,3.78,A
276,276,24d09m41.5s,15d47m12.1s,46,46,46,0,2,-3,2.11,A
282,282,24d09m41.8s,15d45m48.7s,180,101,154,-60,4,149,4.01,A
283,283,24d09m41.8s,15d45m46.7s,60,44,55,-50,4,166,4.09,A
287,287,24d09m42.0s,15d47m49.0s,95,63,84,-40,2,72,3.05,A
288,288,24d09m42.0s,15d46m8.3s,58,58,58,0,4,-18,3.22,A
289,289,24d09m42.2s,15d47m18.7s,83,52,73,0,2,-13,2.18,A
298,298,24d09m42.7s,15d48m31.1s,49,49,49,0,3,-112,4.73,A
302,302,24d09m42.8s,15d47m15.2s,90,69,83,0,2,-19,2.09,A
303,303,24d09m42.9s,15d47m22.8s,52,47,50,-90,2,-19,2.23,A
308,308,24d09m43.3s,15d47m20.7s,52,48,51,25,2,-22,2.17,A
311,311,24d09m43.6s,15d47m6.9s,53,48,51,20,2,-11,1.96,A
323,323,24d09m44.4s,15d47m35.4s,55,50,53,0,2,-6,2.51,A
325,325,24d09m44.7s,15d47m29.8s,89,80,86,-90,2,-19,2.34,A
332,332,24d09m45.0s,15d46m8.5s,45,45,45,0,4,-24,3.14,A
338,338,24d09m45.1s,15d47m31.8s,55,44,51,20,2,-18,2.38,A
340,340,24d09m45.2s,15d46m2.8s,70,48,63,-15,4,21,3.35,A
350,350,24d09m45.7s,15d46m41.4s,51,46,50,0,2,59,2.07,A
361,361,24d09m46.1s,15d47m56.3s,53,35,47,0,2,93,3.21,A
366,366,24d09m46.4s,15d47m14.8s,48,43,46,-90,2,-47,1.93,A
367,367,24d09m46.4s,15d46m55.9s,45,45,45,0,2,-9,1.83,A
369,369,24d09m46.4s,15d46m44.3s,44,44,44,0,2,39,1.98,A
372,372,24d09m46.6s,15d47m13.6s,45,45,45,0,2,-45,1.9,A
377,377,24d09m46.9s,15d46m57.1s,101,62,88,60,2,-16,1.8,A
382,382,24d09m47.3s,15d47m11.7s,55,53,54,-90,2,-50,1.84,A
384,384,24d09m47.5s,15d47m20.0s,61,37,53,-65,2,-58,1.98,A
390,390,24d09m48.0s,15d47m42.6s,118,98,111,30,2,-3,2.64,A
393,393,24d09m48.3s,15d46m0.3s,48,48,48,0,4,37,3.37,A
395,395,24d09m48.4s,15d47m44.5s,44,44,44,0,2,4,2.69,A
399,399,24d09m48.7s,15d47m37.6s,65,55,62,-51,2,-28,2.44,A
414,414,24d09m49.5s,15d46m49.6s,53,37,48,-10,2,-9,1.76,A
415,415,24d09m49.7s,15d47m47.6s,43,40,42,0,2,15,2.77,A
416,416,24d09m49.7s,15d46m51.7s,97,78,91,60,2,-17,1.72,A
427,427,24d09m50.0s,15d48m8.5s,381,282,348,-60,2,153,3.61,A
430,430,24d09m50.1s,15d46m54.1s,44,43,44,-90,2,-29,1.68,A
438,438,24d09m50.5s,15d45m43.2s,52,52,52,0,4,184,4.06,A
439,439,24d09m50.5s,15d46m22.0s,48,48,48,0,4,-155,2.48,A
450,450,24d09m51.0s,15d47m38.5s,60,42,54,-90,2,-39,2.4,A
457,457,24d09m51.2s,15d47m26.6s,79,65,75,-30,2,-81,2.0,A
460,460,24d09m51.4s,15d46m7.8s,248,152,216,0,4,-31,3.0,A
477,477,24d09m52.2s,15d47m55.8s,47,47,47,0,2,52,3.03,A
480,480,24d09m52.4s,15d47m44.9s,54,33,47,-30,2,-18,2.59,A
482,482,24d09m52.5s,15d45m53.2s,245,190,227,0,4,92,3.59,A
483,483,24d09m52.5s,15d46m37.4s,41,41,41,0,2,41,1.9,A
494,494,24d09m53.2s,15d46m49.4s,55,29,46,-30,2,-35,1.6,A
498,498,24d09m53.4s,15d45m44.7s,82,82,82,0,4,165,3.94,A
500,500,24d09m53.4s,15d45m55.2s,51,51,51,0,4,72,3.48,A
513,513,24d09m54.3s,15d46m13.3s,59,41,53,80,4,-86,2.7,A
519,519,24d09m54.7s,15d46m24.7s,65,65,65,0,2,113,2.25,A
521,521,24d09m54.7s,15d48m1.8s,47,47,47,0,2,80,3.23,A
529,529,24d09m54.9s,15d46m15.3s,64,47,58,0,4,-104,2.61,A
532,532,24d09m55.2s,15d46m46.3s,61,54,59,0,2,-31,1.58,A
544,544,24d09m55.9s,15d46m37.5s,59,40,53,0,2,20,1.78,A
547,547,24d09m56.2s,15d47m1.8s,56,42,51,-90,2,-105,1.37,A
554,554,24d09m56.5s,15d47m48.8s,48,34,43,60,2,-19,2.64,A
558,558,24d09m57.0s,15d47m46.7s,70,54,64,-60,2,-35,2.55,A
561,561,24d09m57.1s,15d46m26.4s,46,46,46,0,2,88,2.12,A
566,566,24d09m57.3s,15d46m15.0s,45,39,43,-90,4,-103,2.56,A
579,579,24d09m57.9s,15d46m13.8s,138,98,125,-30,4,-94,2.6,A
583,583,24d09m58.0s,15d47m59.2s,165,136,156,-60,2,46,3.05,A
599,599,24d09m59.2s,15d46m52.4s,56,29,47,-85,2,-90,1.3,A
602,602,24d09m59.6s,15d48m31.3s,49,49,49,0,1,-185,4.47,A
607,607,24d10m0.0s,15d46m3.5s,132,99,121,-50,4,-7,2.99,A
610,610,24d10m0.3s,15d45m55.0s,48,48,48,0,4,65,3.37,A
621,621,24d10m1.7s,15d45m44.1s,124,123,123,-30,4,156,3.84,A
622,622,24d10m1.7s,15d47m39.2s,87,71,81,80,2,-112,2.13,A
625,625,24d10m2.0s,15d45m42.0s,47,46,47,-90,4,174,3.93,A
627,627,24d10m2.1s,15d46m32.8s,45,45,45,0,2,16,1.74,A
628,628,24d10m2.3s,15d45m53.6s,73,58,68,85,4,72,3.4,A
639,639,24d10m2.7s,15d46m41.3s,65,50,60,0,2,-45,1.43,A
646,646,24d10m3.6s,15d46m27.1s,45,45,45,0,2,58,1.92,A
647,647,24d10m3.7s,15d46m31.4s,45,45,45,0,2,19,1.75,A
648,648,24d10m3.9s,15d47m16.7s,90,67,82,-90,4,177,1.25,A
651,651,24d10m3.9s,15d47m14.5s,48,48,48,0,4,185,1.19,A
653,653,24d10m4.4s,15d46m42.7s,57,43,52,-40,2,-63,1.32,A
663,663,24d10m5.1s,15d48m10.5s,69,44,61,-50,2,112,3.45,A
684,684,24d10m6.8s,15d48m44.4s,51,51,51,0,1,137,5.01,A
685,685,24d10m6.8s,15d46m58.8s,49,35,45,0,2,178,0.88,A
688,688,24d10m7.1s,15d47m54.6s,83,63,76,30,2,-26,2.69,A
689,689,24d10m7.2s,15d46m46.5s,47,47,47,0,2,-105,1.11,A
690,690,24d10m7.2s,15d47m50.0s,57,48,54,-20,2,-64,2.48,A
692,692,24d10m7.3s,15d45m58.0s,41,41,41,0,4,24,3.13,A
697,697,24d10m7.5s,15d48m39.1s,41,41,41,0,1,113,4.75,A
699,699,24d10m7.7s,15d48m13.0s,71,47,63,-80,2,124,3.53,A
700,700,24d10m8.0s,15d48m3.1s,59,59,59,0,2,41,3.07,A
701,701,24d10m8.1s,15d46m41.4s,83,79,82,-60,2,-75,1.24,A
703,703,24d10m8.1s,15d47m45.4s,74,58,69,0,2,-103,2.27,A
704,704,24d10m8.5s,15d45m53.4s,43,43,43,0,4,66,3.33,A
708,708,24d10m8.8s,15d46m31.5s,58,39,52,0,2,-45,1.62,A
713,713,24d10m9.2s,15d46m23.8s,93,74,86,-90,2,99,1.94,A
718,718,24d10m9.6s,15d48m2.1s,60,60,60,0,2,27,3.0,A
722,722,24d10m9.9s,15d48m38.1s,58,46,54,0,1,91,4.68,A
736,736,24d10m10.7s,15d48m35.7s,197,130,175,0,1,83,4.56,A
738,738,24d10m10.9s,15d48m44.8s,93,74,87,-10,1,110,4.99,A
744,744,24d10m11.3s,15d46m13.6s,70,59,66,-90,4,-109,2.36,A
747,747,24d10m11.4s,15d47m11.0s,116,89,107,0,4,156,0.82,A
761,761,24d10m12.6s,15d48m9.6s,404,332,380,-50,2,83,3.33,A
762,762,24d10m12.6s,15d45m58.7s,57,57,57,0,4,22,3.04,A
770,770,24d10m12.8s,15d47m25.3s,66,58,63,-60,4,85,1.3,A
771,771,24d10m12.8s,15d46m14.7s,48,32,43,60,4,-115,2.29,A
774,774,24d10m13.0s,15d45m52.2s,48,48,48,0,4,78,3.34,A
780,780,24d10m13.2s,15d47m17.1s,86,63,79,0,4,106,0.96,A
787,787,24d10m13.5s,15d45m56.7s,51,51,51,0,4,41,3.12,A
788,788,24d10m13.5s,15d48m0.7s,118,74,103,-30,2,4,2.9,A
794,794,24d10m13.7s,15d45m54.1s,45,45,45,0,4,64,3.25,A
802,802,24d10m14.1s,15d46m55.7s,44,44,44,0,2,-207,0.6,A
803,803,24d10m14.1s,15d48m40.4s,76,76,76,0,1,63,4.77,A
810,810,24d10m14.7s,15d48m20.6s,50,50,50,0,1,-151,3.83,A
811,811,24d10m14.7s,15d46m27.8s,250,186,229,20,2,106,1.67,A
825,825,24d10m15.6s,15d45m33.0s,43,43,43,0,4,252,4.23,A
827,827,24d10m15.8s,15d46m14.3s,49,49,49,0,4,-101,2.28,A
836,836,24d10m16.2s,15d46m12.5s,43,43,43,0,4,-84,2.36,A
854,854,24d10m17.1s,15d46m56.9s,44,44,44,0,2,-231,0.45,A
856,856,24d10m17.2s,15d46m0.7s,54,54,54,0,4,13,2.91,A
858,858,24d10m17.5s,15d47m30.6s,157,117,143,-84,4,62,1.46,A
860,860,24d10m17.5s,15d46m31.2s,42,41,41,0,2,-119,1.48,A
861,861,24d10m17.5s,15d48m35.7s,45,39,43,-90,1,-25,4.53,A
865,865,24d10m17.7s,15d47m11.9s,50,30,43,0,4,121,0.64,A
882,882,24d10m18.9s,15d45m33.6s,54,54,54,0,4,253,4.19,A
884,884,24d10m19.0s,15d46m17.4s,117,117,117,0,4,-117,2.11,A
885,885,24d10m19.0s,15d46m29.8s,46,32,41,-20,2,-134,1.53,A
886,886,24d10m19.2s,15d46m31.4s,45,42,44,0,2,-133,1.45,A
887,887,24d10m19.3s,15d47m32.4s,66,46,59,70,4,61,1.52,A
895,895,24d10m19.9s,15d48m32.3s,139,95,124,10,1,-38,4.36,A
900,900,24d10m20.2s,15d48m13.8s,53,53,53,0,2,112,3.48,A
903,903,24d10m20.6s,15d46m48.0s,42,42,42,0,2,-194,0.67,A
905,905,24d10m20.7s,15d48m4.9s,50,50,50,0,2,32,3.05,A
922,922,24d10m22.3s,15d48m7.7s,45,42,44,90,2,57,3.18,A
931,931,24d10m23.3s,15d47m29.9s,119,92,110,85,4,21,1.38,A
938,938,24d10m23.9s,15d46m37.3s,43,43,43,0,2,-175,1.14,A
946,946,24d10m25.1s,15d48m37.3s,49,41,46,0,1,-10,4.59,A
948,948,24d10m25.7s,15d48m10.9s,42,40,41,90,2,79,3.33,A
949,949,24d10m26.3s,15d47m0.5s,241,183,222,0,4,218,0.03,A
952,952,24d10m26.7s,15d46m30.9s,65,53,61,0,2,-198,1.44,A
954,954,24d10m26.7s,15d48m12.3s,49,36,44,90,2,92,3.39,A
956,956,24d10m27.0s,15d47m26.0s,54,47,51,0,4,-26,1.19,A
958,958,24d10m27.1s,15d48m8.2s,103,64,90,-60,2,55,3.2,A
967,967,24d10m27.8s,15d45m51.0s,68,68,68,0,4,127,3.35,A
971,971,24d10m28.2s,15d46m36.9s,44,44,44,0,2,-212,1.16,A
977,977,24d10m28.6s,15d45m55.5s,51,51,51,0,4,86,3.13,A
978,978,24d10m28.8s,15d46m41.2s,42,42,42,0,2,-225,0.96,A
990,990,24d10m29.3s,15d48m22.1s,75,65,71,0,1,-146,3.87,A
994,994,24d10m29.5s,15d48m12.2s,85,59,76,-30,2,93,3.39,A
998,998,24d10m29.9s,15d45m58.1s,155,133,148,-30,4,63,3.01,A
1003,1003,24d10m30.2s,15d47m17.8s,64,63,64,0,4,88,0.82,A
1005,1005,24d10m30.3s,15d48m16.6s,45,45,45,0,2,133,3.61,A
1007,1007,24d10m30.4s,15d48m36.9s,84,66,78,20,1,-30,4.58,A
1008,1008,24d10m30.4s,15d47m1.5s,68,43,59,0,4,218,0.21,A
1009,1009,24d10m30.4s,15d47m21.6s,50,37,46,0,4,71,1.0,A
1013,1013,24d10m30.6s,15d48m19.0s,48,48,48,0,2,155,3.72,A
1023,1023,24d10m31.0s,15d47m26.1s,49,28,42,20,4,-41,1.22,A
1024,1024,24d10m31.2s,15d47m40.2s,68,68,68,0,4,80,1.88,A
1025,1025,24d10m31.3s,15d46m37.0s,44,43,44,0,2,-238,1.18,A
1042,1042,24d10m32.1s,15d48m24.9s,104,87,98,-60,1,-134,4.01,A
1044,1044,24d10m32.2s,15d47m27.6s,58,43,53,-80,4,-29,1.3,A
1054,1054,24d10m32.6s,15d47m21.4s,46,46,46,0,4,-83,1.01,A
1065,1065,24d10m33.1s,15d46m55.4s,45,45,45,0,4,-258,0.43,A
1067,1067,24d10m33.3s,15d48m19.5s,45,45,45,0,2,164,3.76,A
1078,1078,24d10m33.8s,15d48m9.8s,242,178,221,-30,2,76,3.3,A
1082,1082,24d10m33.9s,15d46m3.7s,61,61,61,0,4,21,2.76,A
1086,1086,24d10m34.3s,15d45m48.3s,123,91,112,0,4,154,3.5,A
1091,1091,24d10m34.5s,15d47m19.1s,58,57,57,0,4,99,0.94,A
1095,1095,24d10m34.6s,15d47m27.2s,69,69,69,0,4,-30,1.31,A
1102,1102,24d10m35.1s,15d46m22.4s,79,79,79,0,4,-124,1.9,A
1117,1117,24d10m35.8s,15d47m58.9s,158,126,147,-30,2,-16,2.8,A
1126,1126,24d10m36.2s,15d45m52.7s,296,251,281,-50,4,119,3.3,A
1129,1129,24d10m36.2s,15d47m5.2s,67,67,67,0,4,-192,0.51,A
1134,1134,24d10m36.5s,15d46m42.6s,64,52,60,0,4,246,1.01,A
1138,1138,24d10m36.7s,15d45m7.6s,47,47,47,0,2,-209,5.44,A
1140,1140,24d10m36.9s,15d45m9.3s,42,42,42,0,2,-223,5.36,A
1143,1143,24d10m37.0s,15d46m32.5s,55,48,53,0,4,-193,1.46,A
1146,1146,24d10m37.3s,15d46m49.0s,57,57,57,0,4,-237,0.78,A
1160,1160,24d10m38.3s,15d46m55.6s,65,53,61,0,4,-30,1.33,A
1166,1166,24d10m38.7s,15d46m36.9s,46,31,41,0,4,68,1.14,A
1168,1168,24d10m38.7s,15d46m43.2s,68,68,68,0,4,-221,0.76,A
1177,1177,24d10m39.0s,15d47m23.0s,102,63,89,20,4,-14,1.42,A
1184,1184,24d10m39.5s,15d47m23.1s,52,52,52,0,4,41,2.81,A
1189,1189,24d10m39.7s,15d46m57.3s,64,64,64,0,2,121,3.55,A
1194,1194,24d10m40.3s,15d47m26.2s,42,40,42,0,4,189,0.67,A
1201,1201,24d10m40.6s,15d47m25.1s,66,58,63,0,2,153,3.71,A
1206,1206,24d10m40.8s,15d45m6.2s,69,69,69,0,4,10,2.61,A
1207,1207,24d10m40.9s,15d46m8.4s,144,144,144,0,4,112,3.2,A
1211,1211,24d10m41.0s,15d46m48.8s,68,40,59,25,4,11,1.56,A
1213,1213,24d10m41.2s,15d46m44.8s,78,68,74,0,2,113,3.51,A
1218,1218,24d10m41.6s,15d46m37.5s,55,54,54,0,4,192,0.78,A
1221,1221,24d10m42.1s,15d47m26.0s,55,36,49,0,4,199,1.0,A
1222,1222,24d10m42.2s,15d46m47.1s,294,182,256,-50,4,-196,1.2,A
1231,1231,24d10m42.6s,15d46m26.1s,64,59,62,50,4,-186,1.32,A
1238,1238,24d10m42.9s,15d47m25.4s,167,143,159,-30,4,208,3.72,A
1249,1249,24d10m43.6s,15d46m56.0s,56,56,56,0,4,244,3.92,A
1259,1259,24d10m44.3s,15d47m43.6s,66,44,58,70,1,-128,4.33,A
1260,1260,24d10m44.4s,15d48m30.1s,48,30,42,-70,4,-1,1.49,A
1261,1261,24d10m44.4s,15d47m26.7s,75,75,75,0,4,51,2.82,A
1265,1265,24d10m44.5s,15d46m57.7s,46,30,41,-60,2,80,3.36,A
1269,1269,24d10m45.0s,15d47m16.3s,82,82,82,0,4,-10,2.44,A
1271,1271,24d10m45.1s,15d46m57.7s,90,46,75,40,4,-174,1.13,A
1275,1275,24d10m45.3s,15d47m27.7s,45,45,45,0,2,164,3.8,A
1278,1278,24d10m45.3s,15d48m36.2s,45,44,45,0,4,-168,1.3,A
1287,1287,24d10m45.7s,15d46m56.9s,54,54,54,0,2,-135,2.24,A
1289,1289,24d10m46.2s,15d45m13.3s,62,50,58,90,4,6,1.54,A
1290,1290,24d10m46.2s,15d47m26.7s,81,81,81,0,4,72,2.93,A
1305,1305,24d10m47.6s,15d46m53.0s,54,54,54,0,2,49,3.21,A
1308,1308,24d10m47.9s,15d46m42.3s,45,45,45,0,4,-121,1.7,A
1311,1311,24d10m48.3s,15d47m25.0s,46,46,46,0,4,14,1.6,A
1312,1312,24d10m48.4s,15d47m26.7s,238,185,220,-65,2,77,3.36,A
1313,1313,24d10m48.7s,15d48m8.1s,92,55,79,0,4,149,3.34,A
1320,1320,24d10m49.3s,15d47m45.5s,56,29,47,60,4,75,2.92,A
1321,1321,24d10m49.7s,15d46m4.4s,52,52,52,0,2,172,3.86,A
1323,1323,24d10m49.8s,15d47m4.8s,42,39,41,90,4,12,1.58,A
1325,1325,24d10m49.8s,15d47m20.1s,42,42,42,0,4,-1,1.52,A
1327,1327,24d10m50.0s,15d47m19.7s,71,49,63,90,4,-127,1.49,A
1328,1328,24d10m50.1s,15d46m40.1s,54,54,54,0,4,14,2.56,A
1332,1332,24d10m51.1s,15d47m58.0s,67,47,60,80,4,145,3.3,A
1348,1348,24d10m53.6s,15d48m7.3s,50,50,50,0,4,-11,2.36,A
1349,1349,24d10m53.7s,15d46m19.4s,42,42,42,0,1,-184,4.25,A
1357,1357,24d10m54.5s,15d47m15.3s,256,154,222,-79,4,-87,1.71,A
1358,1358,24d10m54.6s,15d46m38.4s,167,114,149,0,4,39,1.74,A
1366,1366,24d10m55.8s,15d46m5.2s,53,52,53,90,2,215,4.1,A
1371,1371,24d10m56.7s,15d46m10.4s,41,40,41,0,4,-28,1.45,A
1388,1388,24d10m58.4s,15d46m53.7s,41,41,41,0,4,66,1.88,A
1391,1391,24d10m58.6s,15d46m59.7s,43,43,43,0,4,-6,2.33,A
1397,1397,24d10m59.4s,15d46m58.6s,66,56,63,0,2,202,4.07,A
1405,1405,24d11m0.0s,15d46m10.3s,124,107,118,0,4,-18,1.58,A
1411,1411,24d11m0.8s,15d48m0.9s,50,50,50,0,4,77,2.82,A
1414,1414,24d11m1.9s,15d48m0.9s,127,115,123,60,4,-18,1.66,A
1416,1416,24d11m2.0s,15d46m59.7s,51,51,51,0,2,-276,4.37,A
1422,1422,24d11m2.7s,15d47m9.4s,48,30,42,90,4,3,1.69,A
1432,1432,24d11m3.9s,15d46m58.2s,48,48,48,0,4,87,2.85,A
1433,1433,24d11m3.9s,15d46m13.9s,95,74,88,0,2,38,3.24,A
1441,1441,24d11m4.7s,15d47m54.5s,53,52,52,0,4,72,1.94,A
1442,1442,24d11m4.8s,15d47m17.1s,46,46,46,0,2,62,3.36,A
1448,1448,24d11m5.5s,15d46m30.8s,80,80,80,0,4,170,3.34,A
1450,1450,24d11m5.8s,15d47m17.7s,307,240,285,-50,2,-230,4.6,A
1458,1458,24d11m6.7s,15d47m16.1s,92,92,92,0,4,110,2.96,A
1461,1461,24d11m7.0s,15d46m39.7s,44,44,44,0,4,34,2.39,A
1469,1469,24d11m7.4s,15d46m48.7s,54,54,54,0,4,30,1.91,A
1470,1470,24d11m7.4s,15d46m59.6s,55,52,54,90,4,96,2.06,A
1491,1491,24d11m9.0s,15d46m32.3s,44,37,41,90,4,51,1.98,A
1494,1494,24d11m9.1s,15d46m32.9s,55,43,51,0,4,44,1.99,A
1502,1502,24d11m9.4s,15d46m56.4s,53,53,53,0,4,103,2.12,A
1504,1504,24d11m9.5s,15d47m19.1s,42,42,42,0,4,43,2.37,A
1505,1505,24d11m9.6s,15d46m34.5s,69,56,64,50,4,51,2.01,A
1506,1506,24d11m9.6s,15d47m1.0s,582,493,552,70,4,89,2.78,A
1507,1507,24d11m9.6s,15d46m20.7s,153,97,134,-10,4,75,2.04,A
1510,1510,24d11m10.1s,15d47m6.1s,51,51,51,0,4,42,2.3,A
1516,1516,24d11m10.5s,15d47m2.7s,49,32,43,50,4,116,2.18,A
1518,1518,24d11m10.6s,15d47m1.6s,111,65,96,40,4,44,2.12,A
1519,1519,24d11m10.7s,15d46m49.8s,53,53,53,0,4,51,2.35,A
1520,1520,24d11m10.8s,15d46m37.2s,131,110,124,-60,4,45,2.25,A
1523,1523,24d11m11.0s,15d46m32.9s,58,58,58,0,4,148,3.16,A
1532,1532,24d11m11.5s,15d46m50.1s,50,50,50,0,2,-200,4.61,A
1545,1545,24d11m12.7s,15d47m34.4s,58,48,55,0,4,107,2.19,A
1547,1547,24d11m12.7s,15d46m59.3s,45,45,45,0,4,84,2.16,A
1550,1550,24d11m13.3s,15d46m45.8s,81,65,76,60,4,67,2.27,A
1554,1554,24d11m13.6s,15d47m13.2s,105,105,105,0,4,155,3.16,A
1555,1555,24d11m13.6s,15d46m13.4s,119,76,104,80,4,101,2.21,A
1560,1560,24d11m14.3s,15d47m5.4s,48,48,48,0,4,100,2.74,A
1562,1562,24d11m14.4s,15d46m31.7s,79,79,79,0,4,90,2.23,A
1566,1566,24d11m15.1s,15d47m5.5s,53,53,53,0,2,14,3.18,A
1573,1573,24d11m16.2s,15d46m48.1s,55,55,55,0,2,-159,2.5,A
1577,1577,24d11m16.5s,15d46m52.9s,46,46,46,0,4,184,3.3,A
1579,1579,24d11m17.0s,15d46m25.4s,148,101,132,-30,4,107,2.36,A
1583,1583,24d11m17.0s,15d46m24.5s,42,42,42,0,2,-103,5.22,A
1584,1584,24d11m17.1s,15d45m23.5s,49,49,49,0,4,121,2.81,A
1590,1590,24d11m18.6s,15d46m27.2s,87,58,78,30,2,-195,4.35,A
1593,1593,24d11m18.9s,15d45m53.8s,64,64,64,0,4,146,2.98,A
1596,1596,24d11m19.4s,15d46m25.0s,43,43,43,0,2,-80,2.84,A
1601,1601,24d11m20.6s,15d46m40.8s,146,121,138,0,2,-189,4.24,A
1603,1603,24d11m20.9s,15d46m11.0s,43,41,42,90,2,-178,4.37,A
1605,1605,24d11m21.2s,15d46m21.9s,46,46,46,0,4,214,3.44,A
1608,1608,24d11m21.4s,15d46m9.2s,82,82,82,0,4,140,2.77,A
1609,1609,24d11m21.7s,15d46m38.9s,188,144,173,-80,4,197,3.3,A
1611,1611,24d11m22.2s,15d46m40.9s,255,222,244,70,4,150,2.86,A
1613,1613,24d11m22.4s,15d46m6.4s,56,56,56,0,2,-233,3.55,A
1614,1614,24d11m22.6s,15d46m10.5s,45,45,45,0,4,227,3.49,A
1617,1617,24d11m25.6s,15d46m54.3s,61,37,53,90,2,-147,4.25,A
1618,1618,24d11m26.2s,15d45m53.4s,149,110,136,-60,4,182,2.82,A
1619,1619,24d11m26.5s,15d46m51.5s,48,48,48,0,2,-170,2.8,A
1625,1625,24d11m28.4s,15d47m1.2s,45,45,45,0,2,-175,2.89,A
1628,1628,24d11m29.2s,15d45m57.2s,41,41,41,0,2,-154,2.92,A
1631,1631,24d11m29.8s,15d46m48.4s,48,48,48,0,2,-142,4.11,A
1636,1636,24d11m30.7s,15d46m59.7s,62,47,57,-60,2,-170,3.03,A
1644,1644,24d11m34.5s,15d45m29.3s,45,45,45,0,2,-15,5.32,A
1646,1646,24d11m34.7s,15d45m42.0s,42,42,42,0,2,7,5.46,A
1647,1647,24d11m36.0s,15d45m28.7s,52,52,52,0,2,-3,5.38,A
1654,1654,24d11m38.0s,15d45m28.5s,169,106,148,-20,2,-21,5.06,A
1664,1664,24d11m45.3s,15d46m25.2s,122,96,113,50,2,20,5.02,A
1670,1670,24d11m46.2s,15d45m46.0s,48,48,48,0,2,-27,4.5,A
1672,1672,24d11m46.8s,15d45m43.8s,96,72,88,-60,2,65,5.58,A
1677,1677,24d11m47.4s,15d45m44.9s,44,44,44,0,2,-15,4.6,A
1678,1678,24d11m47.6s,15d46m5.5s,48,48,48,0,2,43,5.15,A
1681,1681,24d11m47.8s,15d46m10.5s,50,50,50,0,2,51,5.32,A
1682,1682,24d11m47.9s,15d45m42.3s,41,41,41,0,2,-16,4.54,A
1689,1689,24d11m49.5s,15d46m17.9s,47,47,47,0,2,-6,4.61,A
1697,3,24d09m4.3s,15d47m33.3s,53,50,52,0,3,46,4.05,B
1698,4,24d09m8.1s,15d47m30.0s,56,53,55,0,3,20,3.83,B
1699,5,24d09m14.2s,15d48m6.5s,53,53,53,0,3,-8,4.53,B
1704,10,24d09m27.0s,15d47m1.7s,95,90,94,0,3,-61,2.7,B
1709,15,24d09m32.9s,15d47m1.0s,48,48,48,0,2,86,2.43,B
1713,19,24d09m34.5s,15d47m2.0s,72,72,72,0,2,70,2.36,B
1716,22,24d09m35.8s,15d47m6.1s,45,45,45,0,2,54,2.31,B
1723,29,24d09m37.3s,15d46m15.2s,45,45,45,0,4,-60,3.13,B
1724,30,24d09m37.5s,15d47m30.2s,56,53,55,0,2,38,2.62,B
1726,32,24d09m37.7s,15d47m6.8s,42,42,42,0,2,37,2.23,B
1728,34,24d09m38.3s,15d46m6.9s,107,107,107,0,4,1,3.39,B
1729,35,24d09m38.6s,15d46m47.4s,59,59,59,0,2,83,2.27,B
1730,36,24d09m39.1s,15d47m20.5s,43,43,43,0,2,13,2.34,B
1732,38,24d09m39.3s,15d47m48.4s,71,70,71,0,2,88,3.11,B
1733,39,24d09m39.5s,15d47m13.7s,68,68,68,0,2,10,2.21,B
1737,43,24d09m40.4s,15d46m51.8s,140,85,122,-30,2,52,2.14,B
1749,55,24d09m42.9s,15d47m22.8s,49,49,49,0,2,-19,2.23,B
1751,57,24d09m43.1s,15d47m15.0s,56,56,56,0,2,-21,2.07,B
1752,58,24d09m43.2s,15d46m45.1s,64,64,64,0,2,57,2.1,B
1753,59,24d09m43.3s,15d46m39.3s,48,46,47,0,2,87,2.21,B
1754,60,24d09m43.3s,15d47m20.6s,53,53,53,0,2,-23,2.16,B
1756,62,24d09m43.8s,15d45m53.8s,53,50,52,90,4,100,3.75,B
1763,69,24d09m44.8s,15d46m49.6s,56,54,55,0,2,27,1.97,B
1766,72,24d09m45.2s,15d47m31.7s,50,50,50,0,2,-19,2.37,B
1768,74,24d09m45.3s,15d47m26.0s,110,110,110,0,2,-33,2.21,B
1773,79,24d09m46.2s,15d47m56.8s,41,40,41,90,2,95,3.22,B
1774,80,24d09m46.3s,15d46m57.8s,66,66,66,0,2,-15,1.83,B
1775,81,24d09m46.4s,15d47m14.8s,41,41,41,0,2,-47,1.93,B
1778,84,24d09m47.1s,15d46m56.3s,58,58,58,0,2,-15,1.8,B
1784,90,24d09m48.2s,15d47m41.8s,82,82,82,0,2,-4,2.6,B
1786,92,24d09m48.4s,15d46m7.9s,87,83,86,0,4,-30,3.07,B
1787,93,24d09m48.5s,15d47m37.3s,52,49,51,-90,2,-28,2.44,B
1788,94,24d09m48.5s,15d47m44.4s,52,52,52,0,2,3,2.68,B
1793,99,24d09m49.7s,15d46m6.6s,50,50,50,0,4,-19,3.09,B
1796,102,24d09m49.8s,15d47m46.9s,67,67,67,0,2,10,2.74,B
1803,109,24d09m50.5s,15d46m21.9s,50,48,49,90,4,-154,2.48,B
1808,114,24d09m51.0s,15d45m43.2s,45,42,44,90,4,182,4.05,B
1811,117,24d09m51.4s,15d45m48.1s,45,45,45,0,4,138,3.83,B
1818,124,24d09m52.8s,15d47m11.8s,53,52,52,-90,2,-97,1.6,B
1821,127,24d09m53.1s,15d46m10.1s,42,40,41,90,4,-57,2.86,B
1822,128,24d09m53.1s,15d45m53.1s,214,210,213,0,4,91,3.57,B
1823,129,24d09m53.3s,15d46m7.4s,127,119,124,0,4,-33,2.97,B
1828,134,24d09m53.8s,15d45m44.8s,106,93,101,0,4,164,3.93,B
1838,144,24d09m55.3s,15d46m15.3s,42,42,42,0,4,-104,2.6,B
1842,148,24d09m56.1s,15d46m13.1s,53,52,52,0,4,-85,2.67,B
1847,153,24d09m56.9s,15d47m46.4s,53,52,52,0,2,-36,2.54,B
1848,154,24d09m57.0s,15d46m3.3s,42,41,42,90,4,-3,3.06,B
1850,156,24d09m57.3s,15d46m23.6s,42,42,42,0,2,106,2.22,B
1854,160,24d09m57.9s,15d46m39.4s,45,45,45,0,2,-6,1.65,B
1855,161,24d09m58.1s,15d46m28.8s,55,55,55,0,2,67,2.0,B
1858,164,24d09m58.3s,15d47m59.4s,148,143,146,0,2,46,3.05,B
1860,166,24d09m58.4s,15d46m32.6s,82,82,82,0,2,38,1.86,B
1861,167,24d09m58.5s,15d46m14.0s,109,109,109,0,4,-98,2.57,B
1862,168,24d09m58.5s,15d45m46.3s,67,66,67,0,4,143,3.78,B
1863,169,24d09m58.6s,15d45m51.3s,61,61,61,0,4,99,3.56,B
1865,171,24d09m59.1s,15d45m57.8s,217,196,210,90,4,41,3.26,B
1868,174,24d09m59.6s,15d45m55.0s,77,74,76,0,4,65,3.38,B
1870,176,24d09m59.7s,15d46m14.0s,42,41,42,0,4,-99,2.55,B
1871,177,24d10m0.1s,15d45m48.8s,77,74,76,0,4,119,3.65,B
1873,179,24d10m0.8s,15d46m4.1s,107,93,102,0,4,-15,2.96,B
1875,181,24d10m0.9s,15d45m50.8s,53,48,51,0,4,100,3.55,B
1878,184,24d10m1.3s,15d45m40.7s,53,50,52,90,4,187,4.0,B
1880,186,24d10m1.6s,15d47m39.0s,75,74,75,0,2,-112,2.12,B
1883,189,24d10m2.2s,15d45m43.4s,106,106,106,0,4,161,3.86,B
1895,201,24d10m3.7s,15d48m28.2s,52,52,52,0,1,-162,4.28,B
1896,202,24d10m3.8s,15d47m17.0s,107,54,90,-90,4,177,1.27,B
1897,203,24d10m3.8s,15d45m36.1s,74,74,74,0,4,223,4.18,B
1898,204,24d10m4.0s,15d47m14.4s,51,51,51,0,4,185,1.19,B
1899,205,24d10m4.2s,15d45m46.7s,41,40,41,90,4,129,3.69,B
1903,209,24d10m4.6s,15d46m37.2s,57,57,57,0,2,-26,1.5,B
1906,212,24d10m4.9s,15d45m59.7s,41,40,41,0,4,16,3.09,B
1909,215,24d10m5.1s,15d45m52.8s,45,45,45,0,4,74,3.4,B
1912,218,24d10m5.4s,15d46m22.7s,82,74,79,0,2,98,2.06,B
1914,220,24d10m6.0s,15d45m57.7s,46,46,46,0,4,29,3.16,B
1916,222,24d10m6.1s,15d45m37.9s,61,58,60,0,4,206,4.07,B
1918,224,24d10m6.2s,15d46m20.7s,95,87,93,0,2,117,2.13,B
1919,225,24d10m6.5s,15d45m11.6s,87,87,87,0,2,-318,5.3,B
1921,227,24d10m6.8s,15d47m54.8s,127,122,125,0,2,-24,2.71,B
1923,229,24d10m7.2s,15d47m49.8s,54,53,54,0,2,-65,2.48,B
1924,230,24d10m7.3s,15d46m46.3s,42,41,42,0,2,104,1.11,B
1925,231,24d10m7.4s,15d45m58.3s,46,44,45,0,4,21,3.11,B
1926,232,24d10m7.6s,15d46m17.1s,77,75,76,90,4,-139,2.26,B
1927,233,24d10m7.9s,15d48m13.0s,44,44,44,0,2,124,3.53,B
1929,235,24d10m8.4s,15d46m41.5s,60,58,59,-90,2,-77,1.23,B
1930,236,24d10m8.4s,15d47m45.5s,62,58,61,90,2,-104,2.26,B
1931,237,24d10m8.5s,15d45m43.2s,42,38,41,0,4,157,3.8,B
1933,239,24d10m8.7s,15d45m53.6s,48,42,46,0,4,64,3.32,B
1936,242,24d10m9.1s,15d46m23.5s,52,49,51,90,2,101,1.95,B
1952,258,24d10m10.2s,15d45m12.1s,101,101,101,0,2,-316,5.25,B
1955,261,24d10m10.7s,15d46m34.4s,52,52,52,0,2,-58,1.45,B
1957,263,24d10m11.4s,15d46m13.4s,60,60,60,0,4,-107,2.37,B
1960,266,24d10m11.6s,15d46m44.7s,95,93,94,0,2,117,1.02,B
1961,267,24d10m11.6s,15d48m9.3s,323,312,319,0,2,82,3.32,B
1964,270,24d10m12.9s,15d47m25.2s,63,62,63,0,4,85,1.3,B
1965,271,24d10m12.9s,15d47m21.6s,87,83,86,0,4,88,1.14,B
1968,274,24d10m13.3s,15d46m33.9s,79,77,78,90,2,-81,1.42,B
1969,275,24d10m13.5s,15d45m43.8s,73,69,71,0,4,153,3.73,B
1973,279,24d10m13.9s,15d47m22.6s,44,44,44,0,4,77,1.17,B
1981,287,24d10m15.4s,15d46m28.8s,182,182,182,0,2,-107,1.62,B
1982,288,24d10m15.4s,15d45m20.0s,53,53,53,0,4,369,4.85,B
1984,290,24d10m15.6s,15d46m2.2s,71,66,70,0,4,0,2.85,B
1988,294,24d10m15.9s,15d45m16.5s,61,56,59,0,2,-344,5.01,B
1989,295,24d10m16.0s,15d46m43.7s,101,98,100,0,2,138,0.95,B
1996,302,24d10m17.0s,15d46m34.1s,44,41,43,0,2,-112,1.35,B
2002,308,24d10m17.6s,15d46m48.7s,108,107,108,0,2,179,0.7,B
2006,312,24d10m18.3s,15d45m15.6s,53,50,52,0,2,-332,5.04,B
2008,314,24d10m18.4s,15d46m27.2s,60,58,59,0,2,137,1.66,B
2009,315,24d10m18.4s,15d45m56.7s,71,62,68,90,4,50,3.09,B
2011,317,24d10m18.6s,15d46m47.6s,69,66,68,0,2,179,0.73,B
2016,322,24d10m18.9s,15d46m17.2s,101,101,101,0,4,-116,2.12,B
2017,323,24d10m18.9s,15d46m56.6s,44,41,43,0,2,239,0.39,B
2020,326,24d10m19.0s,15d46m44.5s,61,60,60,0,2,162,0.86,B
2021,327,24d10m19.1s,15d45m18.0s,74,69,72,0,2,-350,4.93,B
2027,333,24d10m19.4s,15d46m34.5s,61,60,60,90,2,-133,1.31,B
2028,334,24d10m19.7s,15d46m19.1s,45,42,44,0,4,-130,2.02,B
2030,336,24d10m20.0s,15d48m32.4s,115,114,115,0,1,-37,4.36,B
2031,337,24d10m20.2s,15d46m45.2s,58,58,58,0,2,-175,0.8,B
2038,344,24d10m20.7s,15d47m8.1s,46,44,45,0,4,149,0.41,B
2039,345,24d10m20.7s,15d47m9.8s,147,72,122,0,4,133,0.48,B
2048,354,24d10m21.8s,15d45m37.2s,60,45,55,-80,4,226,4.01,B
2054,360,24d10m22.8s,15d45m48.4s,81,81,81,0,4,133,3.47,B
2058,364,24d10m23.3s,15d46m0.1s,45,44,45,90,4,39,2.91,B
2062,368,24d10m24.0s,15d46m55.0s,74,74,74,0,2,-259,0.31,B
2064,370,24d10m24.5s,15d48m27.0s,60,54,58,0,1,-91,4.1,B
2066,372,24d10m25.0s,15d48m35.5s,48,45,47,0,1,-21,4.5,B
2067,373,24d10m25.2s,15d48m37.2s,42,41,42,90,1,-11,4.58,B
2068,374,24d10m25.2s,15d46m28.4s,46,44,45,0,2,-189,1.56,B
2069,375,24d10m25.3s,15d46m1.4s,66,63,65,90,4,33,2.85,B
2071,377,24d10m25.5s,15d46m26.7s,61,56,59,90,4,-193,1.64,B
2073,379,24d10m26.4s,15d45m44.7s,46,45,46,90,4,176,3.65,B
2076,382,24d10m26.5s,15d46m30.6s,53,53,53,0,2,-197,1.46,B
2080,386,24d10m26.7s,15d46m20.7s,45,33,41,-30,4,-140,1.93,B
2081,387,24d10m27.0s,15d47m26.0s,45,41,44,0,4,-26,1.19,B
2083,389,24d10m27.2s,15d46m16.3s,60,56,58,0,4,-100,2.14,B
2084,390,24d10m27.2s,15d46m5.4s,53,49,52,0,4,-2,2.66,B
2085,391,24d10m27.3s,15d46m28.3s,45,45,45,0,4,-199,1.56,B
2086,392,24d10m27.5s,15d46m13.9s,53,52,52,0,4,-79,2.25,B
2088,394,24d10m27.7s,15d46m51.3s,60,58,59,0,2,260,0.47,B
2091,397,24d10m28.2s,15d46m2.6s,78,78,78,0,4,23,2.8,B
2093,399,24d10m28.3s,15d48m29.6s,267,200,245,-50,1,-80,4.22,B
2094,400,24d10m28.5s,15d46m35.9s,44,42,43,90,2,-213,1.21,B
2095,401,24d10m28.8s,15d46m17.9s,54,52,53,90,4,-110,2.06,B
2097,403,24d10m28.8s,15d46m4.8s,62,61,62,0,4,3,2.69,B
2098,404,24d10m29.0s,15d45m46.8s,69,67,68,0,4,165,3.55,B
2100,406,24d10m29.3s,15d48m22.3s,60,60,60,0,1,-144,3.88,B
2101,407,24d10m29.4s,15d46m52.7s,63,61,63,0,2,279,0.43,B
2103,409,24d10m29.5s,15d45m52.9s,53,50,52,0,4,110,3.26,B
2104,410,24d10m29.5s,15d45m43.7s,56,53,55,90,4,193,3.7,B
2105,411,24d10m29.6s,15d47m20.9s,54,52,53,0,4,68,0.96,B
2106,412,24d10m29.8s,15d45m57.8s,151,132,145,-70,4,66,3.03,B
2113,419,24d10m30.5s,15d48m36.9s,62,62,62,0,1,-31,4.57,B
2117,423,24d10m30.7s,15d46m54.2s,42,42,42,0,4,-280,0.4,B
2118,424,24d10m30.9s,15d45m48.5s,45,45,45,0,4,149,3.47,B
2119,425,24d10m31.2s,15d47m40.3s,61,53,58,90,4,81,1.89,B
2121,427,24d10m31.4s,15d46m36.9s,44,41,43,90,2,-239,1.18,B
2123,429,24d10m31.8s,15d45m44.2s,58,53,56,0,4,189,3.68,B
2125,431,24d10m31.9s,15d47m30.5s,44,42,43,90,4,-6,1.43,B
2127,433,24d10m31.9s,15d48m24.6s,86,85,86,0,1,-135,3.99,B
2128,434,24d10m32.3s,15d45m45.9s,67,62,66,0,4,173,3.6,B
2134,440,24d10m32.6s,15d46m13.0s,60,60,60,0,4,-55,2.32,B
2135,441,24d10m33.0s,15d46m15.0s,49,45,48,0,4,-71,2.22,B
2137,443,24d10m33.0s,15d46m9.0s,41,40,41,0,4,-22,2.51,B
2140,446,24d10m33.2s,15d45m43.2s,50,44,48,-20,4,198,3.73,B
2146,452,24d10m34.0s,15d45m44.8s,54,52,53,0,4,184,3.66,B
2148,454,24d10m34.4s,15d45m48.4s,105,99,103,0,4,153,3.49,B
2153,459,24d10m34.8s,15d45m59.9s,42,40,41,0,4,56,2.95,B
2155,461,24d10m34.8s,15d46m9.1s,75,57,69,60,4,-16,2.51,B
2157,463,24d10m35.2s,15d46m21.0s,45,45,45,0,4,-112,1.96,B
2161,467,24d10m35.3s,15d48m23.2s,74,74,74,0,1,-159,3.94,B
2162,468,24d10m35.4s,15d47m27.4s,87,61,78,-30,4,-28,1.33,B
2164,470,24d10m35.8s,15d45m42.9s,53,53,53,0,4,204,3.76,B
2166,472,24d10m35.8s,15d47m34.6s,45,42,44,90,4,36,1.66,B
2167,473,24d10m35.9s,15d46m16.7s,82,77,80,90,4,-73,2.17,B
2169,475,24d10m36.0s,15d47m5.1s,41,41,41,0,4,-194,0.5,B
2171,477,24d10m36.1s,15d46m42.5s,46,45,46,0,4,250,1.0,B
2178,484,24d10m36.7s,15d45m7.6s,41,41,41,0,2,-209,5.44,B
2183,489,24d10m36.9s,15d46m32.3s,50,42,48,90,4,-192,1.47,B
2187,493,24d10m37.4s,15d46m5.4s,42,42,42,0,4,18,2.71,B
2188,494,24d10m37.5s,15d45m30.3s,73,73,73,0,4,318,4.36,B
2190,496,24d10m37.9s,15d46m38.7s,63,60,62,90,4,-225,1.2,B
2191,497,24d10m38.2s,15d45m59.7s,60,45,55,0,4,70,2.98,B
2194,500,24d10m38.5s,15d46m4.6s,42,41,42,90,4,29,2.76,B
2197,503,24d10m38.7s,15d47m34.6s,69,63,67,90,4,40,1.7,B
2198,504,24d10m38.8s,15d45m10.8s,87,79,85,0,2,-226,5.3,B
2199,505,24d10m38.8s,15d46m51.1s,60,58,59,0,4,220,0.76,B
2203,509,24d10m39.1s,15d48m1.4s,190,185,189,0,2,7,2.94,B
2204,510,24d10m39.1s,15d46m53.6s,56,52,54,0,4,216,0.7,B
2205,511,24d10m39.2s,15d45m50.4s,102,102,102,0,4,149,3.43,B
2207,513,24d10m39.5s,15d45m27.8s,66,66,66,0,4,344,4.49,B
2208,514,24d10m39.6s,15d46m3.7s,46,42,45,90,4,41,2.81,B
2210,516,24d10m39.9s,15d46m16.3s,49,48,49,0,4,-56,2.23,B
2211,517,24d10m39.9s,15d48m28.4s,71,49,64,90,1,-129,4.22,B
2212,518,24d10m40.2s,15d48m18.1s,63,60,62,90,2,156,3.73,B
2217,523,24d10m40.8s,15d48m13.4s,66,62,65,90,2,115,3.51,B
2219,525,24d10m40.9s,15d46m8.2s,50,48,49,0,4,11,2.62,B
2220,526,24d10m41.1s,15d45m46.2s,58,54,57,0,4,190,3.64,B
2222,528,24d10m41.6s,15d46m6.0s,53,50,52,0,4,29,2.72,B
2223,529,24d10m41.8s,15d46m39.7s,177,175,176,0,4,-196,1.25,B
2224,530,24d10m42.0s,15d46m47.1s,41,41,41,0,4,-200,1.0,B
2225,531,24d10m42.0s,15d45m43.8s,114,111,113,90,4,213,3.76,B
2235,541,24d10m43.7s,15d46m55.1s,69,69,69,0,4,-175,0.86,B
2238,544,24d10m43.7s,15d45m55.1s,50,48,49,0,4,126,3.25,B
2242,548,24d10m44.0s,15d45m46.0s,85,85,85,0,4,202,3.68,B
2244,550,24d10m44.2s,15d46m4.7s,63,58,62,90,4,50,2.82,B
2245,551,24d10m44.2s,15d46m0.8s,50,48,49,90,4,81,3.0,B
2246,552,24d10m44.2s,15d48m27.4s,82,78,81,0,1,-152,4.2,B
2247,553,24d10m44.3s,15d48m30.4s,66,65,66,0,1,-126,4.34,B
2248,554,24d10m44.4s,15d47m13.0s,57,56,56,0,4,96,1.02,B
2249,555,24d10m44.6s,15d46m8.4s,104,75,94,40,4,23,2.66,B
2253,559,24d10m44.9s,15d46m13.0s,56,53,55,0,4,-10,2.45,B
2254,560,24d10m45.1s,15d45m58.7s,176,108,153,50,4,102,3.11,B
2256,562,24d10m45.7s,15d47m36.6s,45,42,44,90,4,77,1.92,B
2263,569,24d10m46.8s,15d46m4.5s,143,132,139,90,4,62,2.87,B
2265,571,24d10m48.0s,15d45m52.5s,47,47,47,0,4,163,3.43,B
2268,574,24d10m48.5s,15d46m0.1s,63,61,63,90,4,104,3.09,B
2270,576,24d10m48.8s,15d45m54.8s,63,60,62,0,4,148,3.33,B
2271,577,24d10m48.9s,15d46m10.5s,65,36,55,40,4,25,2.63,B
2272,578,24d10m48.9s,15d48m7.7s,185,175,182,90,2,74,3.35,B
2277,583,24d10m50.1s,15d47m17.0s,173,134,160,60,4,-35,1.35,B
2279,585,24d10m50.4s,15d46m12.9s,56,34,49,20,4,15,2.56,B
2281,587,24d10m50.6s,15d46m2.4s,58,56,57,90,4,94,3.02,B
2286,592,24d10m52.6s,15d46m4.8s,79,75,78,0,4,85,2.95,B
2288,594,24d10m53.4s,15d47m56.7s,43,43,43,0,2,-8,2.94,B
2289,595,24d10m53.7s,15d47m24.6s,111,108,110,0,4,33,1.7,B
2295,601,24d10m55.2s,15d47m12.3s,138,107,127,40,4,-16,1.45,B
2298,604,24d10m56.1s,15d46m7.1s,95,94,95,90,4,86,2.93,B
2299,605,24d10m56.5s,15d46m54.2s,86,81,84,90,4,-64,1.44,B
2302,608,24d10m57.2s,15d45m45.9s,101,101,101,0,4,252,3.86,B
2306,612,24d10m58.5s,15d46m23.5s,45,37,42,90,4,-4,2.33,B
2309,615,24d10m59.1s,15d47m15.5s,41,40,41,0,4,22,1.67,B
2315,621,24d11m0.5s,15d47m1.7s,82,81,82,0,4,-19,1.59,B
2317,623,24d11m1.5s,15d48m0.6s,50,50,50,0,2,47,3.27,B
2318,624,24d11m1.9s,15d46m57.5s,124,108,119,90,4,-18,1.66,B
2319,625,24d11m2.2s,15d46m51.4s,54,53,54,90,4,-22,1.73,B
2320,626,24d11m2.4s,15d47m16.2s,61,57,60,0,4,51,1.83,B
2322,628,24d11m2.8s,15d46m33.4s,65,63,64,90,4,-6,2.15,B
2324,630,24d11m3.1s,15d47m12.8s,41,41,41,0,4,42,1.79,B
2328,634,24d11m3.3s,15d47m10.8s,45,44,45,0,4,33,1.78,B
2330,636,24d11m3.4s,15d46m7.5s,66,45,59,0,4,124,3.08,B
2331,637,24d11m3.5s,15d46m49.5s,111,108,110,90,4,-16,1.81,B
2340,646,24d11m6.0s,15d46m2.3s,85,85,85,0,4,173,3.35,B
2343,649,24d11m6.5s,15d46m8.2s,65,62,64,90,4,139,3.14,B
2345,651,24d11m7.0s,15d45m58.2s,155,155,155,0,4,206,3.54,B
2346,652,24d11m7.2s,15d46m30.3s,42,40,41,0,4,35,2.4,B
2348,654,24d11m7.3s,15d45m34.0s,229,229,229,0,2,-226,4.57,B
2349,655,24d11m7.4s,15d46m59.6s,44,41,43,90,4,29,1.91,B
2351,657,24d11m7.7s,15d47m17.1s,53,50,52,0,4,96,2.06,B
2354,660,24d11m8.1s,15d46m13.4s,177,116,157,40,4,116,2.99,B
2364,670,24d11m9.3s,15d46m58.0s,46,44,45,0,4,46,2.0,B
2367,673,24d11m9.5s,15d47m1.1s,45,45,45,0,4,50,2.0,B
2370,676,24d11m9.5s,15d46m20.8s,513,487,504,90,4,88,2.78,B
2377,683,24d11m10.6s,15d47m7.9s,172,112,152,-20,4,81,2.08,B
2378,684,24d11m10.9s,15d46m49.6s,66,62,65,90,4,46,2.14,B
2379,685,24d11m10.9s,15d46m42.6s,111,106,109,0,4,46,2.25,B
2380,686,24d11m11.0s,15d46m54.2s,74,73,74,0,4,53,2.1,B
2387,693,24d11m11.5s,15d46m6.8s,57,57,57,0,4,178,3.33,B
2390,696,24d11m11.9s,15d47m0.7s,69,66,68,0,4,69,2.11,B
2391,697,24d11m12.3s,15d46m39.2s,52,50,51,0,4,59,2.37,B
2392,698,24d11m12.6s,15d47m10.2s,46,45,46,90,4,105,2.19,B
2394,700,24d11m12.8s,15d45m37.3s,50,50,50,0,2,-202,4.54,B
2396,702,24d11m13.0s,15d46m32.9s,66,58,64,90,4,75,2.55,B
2397,703,24d11m13.1s,15d47m13.0s,46,44,45,90,4,118,2.24,B
2398,704,24d11m13.1s,15d45m38.6s,55,55,55,0,2,-205,4.49,B
2407,713,24d11m14.6s,15d46m59.3s,56,53,55,90,4,91,2.23,B
2408,714,24d11m14.7s,15d46m47.6s,124,119,123,0,4,79,2.33,B
2409,715,24d11m14.8s,15d46m27.4s,58,56,57,0,4,104,2.76,B
2410,716,24d11m14.9s,15d46m31.1s,53,32,46,40,4,97,2.67,B
2411,717,24d11m15.4s,15d46m45.0s,81,79,80,0,4,85,2.4,B
2413,719,24d11m15.9s,15d46m33.7s,79,74,78,90,4,98,2.64,B
2419,725,24d11m17.1s,15d46m29.0s,45,45,45,0,4,121,2.81,B
2420,726,24d11m17.3s,15d46m54.2s,159,153,157,90,4,108,2.38,B
2423,729,24d11m17.9s,15d47m20.6s,85,83,84,0,2,-149,2.56,B
2424,730,24d11m17.9s,15d46m10.7s,217,138,191,90,4,200,3.39,B
2425,731,24d11m18.0s,15d46m39.1s,93,86,90,0,4,108,2.61,B
2427,733,24d11m18.6s,15d45m45.2s,65,65,65,0,2,-194,4.35,B
2429,735,24d11m18.9s,15d46m46.4s,82,63,76,90,4,115,2.53,B
2431,737,24d11m19.0s,15d46m25.1s,63,61,63,90,4,146,2.98,B
2434,740,24d11m19.5s,15d46m23.2s,41,41,41,0,4,156,3.05,B
2435,741,24d11m20.1s,15d45m55.9s,66,53,62,0,2,-204,3.98,B
2436,742,24d11m20.4s,15d45m47.5s,77,74,76,90,2,-186,4.31,B
2437,743,24d11m20.5s,15d46m27.2s,46,46,46,0,4,152,2.98,B
2438,744,24d11m20.7s,15d45m50.7s,121,121,121,0,2,-191,4.2,B
2442,748,24d11m21.2s,15d46m10.9s,50,32,44,20,4,222,3.49,B
2444,750,24d11m22.0s,15d46m18.0s,196,169,187,90,4,196,3.29,B
2447,753,24d11m22.4s,15d46m36.0s,243,233,240,90,4,151,2.86,B
2450,756,24d11m23.2s,15d45m56.9s,225,217,222,0,2,-181,4.04,B
2451,757,24d11m23.6s,15d45m53.9s,117,117,117,0,2,-170,4.16,B
2453,759,24d11m26.4s,15d46m55.8s,44,41,43,90,4,188,2.79,B
2455,761,24d11m27.1s,15d47m1.6s,41,40,41,90,2,-168,2.81,B
2457,763,24d11m28.0s,15d46m55.5s,44,42,43,90,2,-179,2.86,B
2460,766,24d11m30.0s,15d46m0.7s,51,51,51,0,2,-141,4.12,B
2461,767,24d11m30.9s,15d45m30.6s,96,96,96,0,2,-36,5.25,B
2462,768,24d11m31.1s,15d46m49.0s,58,56,57,90,2,-168,3.05,B
2463,769,24d11m31.9s,15d46m47.0s,77,77,77,0,2,-166,3.1,B
2464,770,24d11m32.1s,15d46m43.7s,69,53,63,60,2,-170,3.15,B
2465,771,24d11m32.9s,15d46m22.6s,94,94,94,0,2,-167,3.58,B
2467,773,24d11m34.0s,15d46m48.0s,89,79,86,0,2,-146,3.19,B
2468,774,24d11m34.4s,15d46m25.4s,47,47,47,0,2,-157,3.58,B
2470,776,24d11m34.6s,15d46m42.8s,45,45,45,0,2,-150,3.27,B
2474,780,24d11m35.9s,15d45m28.9s,48,48,48,0,2,5,5.45,B
2476,782,24d11m37.7s,15d45m28.9s,42,42,42,0,2,16,5.5,B
2477,783,24d11m38.2s,15d45m48.7s,51,51,51,0,2,-39,4.79,B
2478,784,24d11m39.8s,15d45m38.9s,254,228,245,0,2,-4,5.19,B
2487,793,24d11m42.8s,15d45m42.5s,48,45,47,0,2,8,5.15,B
2492,798,24d11m44.1s,15d45m45.7s,44,44,44,0,2,12,5.08,B
2497,803,24d11m44.8s,15d45m40.5s,53,53,53,0,2,25,5.28,B
2499,805,24d11m45.2s,15d45m42.2s,58,56,57,90,2,28,5.24,B
2500,806,24d11m45.4s,15d45m48.4s,134,104,124,60,2,23,5.04,B
2504,810,24d11m46.3s,15d45m46.0s,42,42,42,0,2,31,5.15,B
2509,815,24d11m47.0s,15d45m33.9s,74,74,74,0,2,66,5.58,B
2510,816,24d11m47.7s,15d45m35.4s,58,58,58,0,2,66,5.55,B
2515,821,24d11m48.0s,15d45m42.3s,41,41,41,0,2,52,5.33,B
2518,824,24d11m48.7s,15d45m37.6s,63,63,63,0,2,68,5.51,B
2532,1,24d08m43.1s,15d48m35.9s,64,62,63,-90,4,-245,6.54,C
2533,2,24d08m48.3s,15d48m11.5s,59,53,57,50,3,217,5.6,C
2534,3,24d08m50.2s,15d48m25.8s,50,47,49,0,3,247,5.97,C
2535,4,24d08m51.2s,15d48m15.5s,73,67,71,-90,3,203,5.61,C
2536,5,24d08m51.5s,15d48m19.9s,46,43,45,-90,3,216,5.73,C
2537,6,24d08m52.3s,15d48m22.8s,44,41,43,-90,3,221,5.8,C
2538,7,24d08m53.8s,15d48m41.9s,44,42,43,0,3,285,6.4,C
2540,9,24d08m54.9s,15d48m13.7s,58,57,58,-90,3,167,5.42,C
2541,10,24d08m55.3s,15d48m16.8s,66,60,64,0,3,175,5.51,C
2546,15,24d08m57.1s,15d48m5.5s,156,110,141,60,3,130,5.11,C
2549,18,24d08m59.4s,15d48m23.5s,107,97,104,-90,3,166,5.59,C
2550,19,24d08m59.4s,15d47m52.4s,228,162,206,0,3,88,4.66,C
2551,20,24d08m59.7s,15d48m19.8s,77,64,72,-90,3,151,5.45,C
2555,24,24d09m2.5s,15d48m37.6s,93,84,90,0,3,202,5.99,C
2557,26,24d09m3.1s,15d47m35.8s,42,42,42,0,3,57,4.15,C
2558,27,24d09m3.8s,15d48m23.6s,61,59,60,-90,3,133,5.45,C
2559,28,24d09m4.0s,15d48m10.5s,179,176,178,0,3,84,5.01,C
2572,41,24d09m8.2s,15d47m22.1s,61,61,61,0,3,29,3.7,C
2577,46,24d09m10.9s,15d48m11.3s,48,46,47,0,3,31,4.8,C
2579,48,24d09m11.6s,15d47m16.6s,48,38,44,0,3,10,3.49,C
2581,50,24d09m12.3s,15d48m12.9s,64,64,64,0,3,26,4.81,C
2582,51,24d09m12.3s,15d48m2.6s,74,66,72,-90,3,-3,4.47,C
2583,52,24d09m12.9s,15d48m11.0s,61,52,58,0,3,14,4.73,C
2585,54,24d09m13.4s,15d48m15.0s,49,43,47,-90,3,28,4.85,C
2590,59,24d09m14.2s,15d48m5.4s,43,36,41,0,3,-12,4.5,C
2597,66,24d09m16.9s,15d47m3.7s,103,91,99,0,3,11,3.17,C
2598,67,24d09m17.5s,15d48m13.4s,65,46,59,-90,3,-8,4.66,C
2600,69,24d09m20.9s,15d48m9.6s,62,46,56,0,3,-50,4.42,C
2601,70,24d09m21.4s,15d48m1.3s,235,198,223,-90,3,-79,4.12,C
2606,75,24d09m26.4s,15d47m16.4s,42,40,41,0,3,-110,2.83,C
2608,77,24d09m26.7s,15d47m5.5s,66,56,63,0,3,-71,2.73,C
2611,80,24d09m27.3s,15d48m22.5s,44,38,42,0,3,-48,4.73,C
2616,85,24d09m28.6s,15d48m28.7s,71,63,68,0,3,-30,4.94,C
2617,86,24d09m28.8s,15d48m14.2s,74,68,72,0,3,-95,4.36,C
2627,96,24d09m31.1s,15d48m26.0s,64,48,58,0,3,-60,4.77,C
2629,98,24d09m31.6s,15d47m3.8s,78,69,75,0,2,92,2.5,C
2640,109,24d09m33.4s,15d47m59.8s,65,56,62,0,3,-183,3.7,C
2642,111,24d09m33.7s,15d48m17.2s,108,91,103,0,3,-122,4.35,C
2643,112,24d09m34.5s,15d48m27.2s,62,62,62,0,3,-79,4.74,C
2644,113,24d09m34.6s,15d46m40.4s,50,36,45,0,2,143,2.55,C
2645,114,24d09m34.8s,15d48m32.8s,70,56,66,-90,3,-52,4.96,C
2647,116,24d09m35.2s,15d48m30.5s,50,48,50,0,3,-68,4.86,C
2648,117,24d09m35.6s,15d47m6.2s,67,58,64,0,2,55,2.32,C
2649,118,24d09m35.6s,15d48m26.1s,49,43,47,0,3,-92,4.67,C
2651,120,24d09m35.8s,15d47m8.1s,47,42,45,0,2,49,2.32,C
2654,123,24d09m36.4s,15d47m54.5s,44,39,43,-90,2,140,3.41,C
2656,125,24d09m36.6s,15d48m28.2s,62,62,62,0,3,-89,4.73,C
2663,132,24d09m37.3s,15d47m30.4s,57,52,55,0,2,40,2.63,C
2664,133,24d09m37.5s,15d46m59.4s,48,44,47,0,2,50,2.22,C
2670,139,24d09m38.5s,15d48m9.6s,52,38,47,0,3,-189,3.93,C
2689,158,24d09m42.1s,15d47m14.9s,56,47,53,-90,2,-12,2.12,C
2694,163,24d09m42.8s,15d48m31.2s,54,50,53,-90,3,-112,4.73,C
2696,165,24d09m43.1s,15d46m41.1s,42,40,41,0,2,80,2.18,C
2697,166,24d09m43.2s,15d47m15.1s,55,53,54,0,2,-21,2.07,C
2698,167,24d09m43.2s,15d48m33.8s,77,71,75,0,3,-98,4.84,C
2704,173,24d09m44.5s,15d48m35.5s,78,75,77,0,3,-95,4.89,C
2710,179,24d09m45.4s,15d46m57.8s,60,59,60,-90,2,-7,1.87,C
2711,180,24d09m45.5s,15d46m4.5s,53,33,46,0,4,6,3.28,C
2714,183,24d09m45.9s,15d47m56.4s,42,42,42,0,2,94,3.21,C
2720,189,24d09m46.3s,15d47m50.9s,44,42,43,-90,2,56,2.99,C
2728,197,24d09m47.2s,15d46m56.9s,89,82,87,-90,2,-18,1.79,C
2730,199,24d09m47.7s,15d45m59.7s,48,41,46,0,4,43,3.42,C
2731,200,24d09m47.7s,15d47m42.2s,91,91,91,0,2,-2,2.63,C
2732,201,24d09m48.4s,15d46m3.5s,69,46,61,0,4,8,3.24,C
2733,202,24d09m48.5s,15d45m57.3s,44,41,43,0,4,61,3.49,C
2735,204,24d09m49.0s,15d47m57.2s,87,83,86,-90,2,80,3.17,C
2736,205,24d09m49.8s,15d48m8.2s,364,338,356,-90,2,152,3.61,C
2742,211,24d09m50.5s,15d46m22.0s,44,40,43,0,2,155,2.47,C
2743,212,24d09m50.5s,15d45m44.8s,58,57,57,-90,4,169,3.98,C
2744,213,24d09m51.0s,15d46m0.9s,73,65,71,0,4,25,3.29,C
2752,221,24d09m52.1s,15d48m16.8s,69,49,62,0,2,207,3.93,C
2753,222,24d09m52.2s,15d47m50.4s,46,37,43,-90,2,17,2.81,C
2754,223,24d09m52.2s,15d46m39.5s,44,39,43,0,2,29,1.86,C
2758,227,24d09m53.0s,15d45m37.0s,43,41,43,-90,4,234,4.29,C
2760,229,24d09m53.2s,15d46m49.3s,54,47,52,0,2,-34,1.6,C
2769,238,24d09m54.5s,15d48m17.6s,47,46,46,-90,2,205,3.93,C
2771,240,24d09m55.0s,15d46m15.3s,58,54,57,0,4,-104,2.6,C
2777,246,24d09m56.1s,15d47m1.9s,58,58,58,-90,2,-105,1.37,C
2779,248,24d09m56.7s,15d48m18.1s,68,65,67,-90,2,201,3.91,C
2780,249,24d09m56.7s,15d48m9.7s,43,38,41,0,2,132,3.54,C
2783,252,24d09m57.1s,15d47m46.4s,94,87,92,0,2,-38,2.53,C
2788,257,24d09m58.0s,15d47m59.8s,170,160,167,-90,2,51,3.08,C
2792,261,24d09m59.8s,15d48m18.0s,74,52,66,0,2,191,3.86,C
2797,266,24d10m0.5s,15d46m4.3s,81,81,81,0,4,-15,2.95,C
2801,270,24d10m1.4s,15d48m32.3s,57,57,57,0,1,-168,4.49,C
2803,272,24d10m1.6s,15d47m39.1s,78,76,77,0,2,-112,2.13,C
2805,274,24d10m2.0s,15d46m32.8s,42,39,41,0,2,16,1.74,C
2806,275,24d10m2.2s,15d45m43.6s,117,113,116,-90,4,160,3.85,C
2807,276,24d10m2.6s,15d45m53.6s,66,58,63,-90,4,71,3.39,C
2814,283,24d10m3.7s,15d48m23.0s,88,59,79,0,1,-188,4.04,C
2817,286,24d10m4.3s,15d46m42.9s,43,38,41,0,2,-64,1.32,C
2818,287,24d10m4.3s,15d45m59.6s,69,68,69,-90,4,16,3.1,C
2827,296,24d10m6.0s,15d46m6.8s,94,92,93,0,4,-48,2.75,C
2828,297,24d10m6.2s,15d48m38.6s,51,49,51,0,1,123,4.74,C
2829,298,24d10m6.4s,15d47m54.8s,158,158,158,0,2,-22,2.71,C
2830,299,24d10m6.8s,15d48m44.5s,53,51,53,-90,1,137,5.01,C
2831,300,24d10m7.0s,15d48m8.6s,194,166,185,-90,2,90,3.33,C
2832,301,24d10m7.2s,15d47m49.8s,62,56,60,0,2,-66,2.48,C
2835,304,24d10m7.6s,15d46m40.6s,42,41,42,-90,2,-66,1.29,C
2836,305,24d10m7.8s,15d48m13.0s,62,55,60,-90,2,125,3.53,C
2841,310,24d10m8.3s,15d47m45.2s,80,76,79,0,2,-105,2.25,C
2845,314,24d10m8.8s,15d46m31.6s,48,37,44,0,2,-44,1.61,C
2848,317,24d10m9.1s,15d46m23.8s,90,78,86,-90,2,98,1.94,C
2851,320,24d10m9.5s,15d47m23.8s,55,43,51,-90,4,114,1.32,C
2853,322,24d10m10.1s,15d48m1.9s,42,40,41,-90,2,26,2.99,C
2855,324,24d10m11.2s,15d47m8.0s,53,50,52,0,4,179,0.75,C
2858,327,24d10m12.3s,15d48m39.0s,48,47,48,-90,1,73,4.71,C
2860,329,24d10m12.6s,15d45m36.1s,92,89,91,-90,4,222,4.1,C
2861,330,24d10m12.9s,15d47m27.5s,46,43,45,0,4,86,1.39,C
2862,331,24d10m13.0s,15d48m5.1s,138,138,138,0,2,42,3.11,C
2864,333,24d10m13.1s,15d47m17.4s,83,78,82,0,4,105,0.97,C
2865,334,24d10m13.1s,15d47m21.3s,119,115,118,0,4,87,1.13,C
2866,335,24d10m13.3s,15d47m52.0s,54,46,51,0,2,-65,2.49,C
2870,339,24d10m13.6s,15d48m10.1s,343,318,335,-90,2,86,3.34,C
2872,341,24d10m13.9s,15d47m0.8s,45,45,45,0,4,-227,0.55,C
2877,346,24d10m14.2s,15d46m55.7s,63,36,54,0,2,207,0.6,C
2881,350,24d10m14.6s,15d48m20.6s,57,46,53,0,1,-151,3.83,C
2882,351,24d10m14.9s,15d47m3.4s,56,54,56,0,4,201,0.52,C
2885,354,24d10m15.0s,15d46m47.1s,43,42,43,0,2,154,0.83,C
2887,356,24d10m15.3s,15d46m37.2s,42,40,41,0,2,-103,1.24,C
2890,359,24d10m15.9s,15d45m16.4s,64,55,61,0,2,-343,5.02,C
2900,369,24d10m16.6s,15d46m57.2s,42,40,41,0,2,230,0.47,C
2903,372,24d10m16.7s,15d46m39.5s,71,71,71,0,2,-122,1.12,C
2905,374,24d10m16.9s,15d47m54.0s,53,49,52,0,2,-59,2.55,C
2908,377,24d10m17.0s,15d47m6.3s,42,39,41,0,4,171,0.48,C
2911,380,24d10m17.4s,15d46m48.3s,126,86,113,0,2,176,0.73,C
2919,388,24d10m18.0s,15d45m46.7s,57,51,55,0,4,135,3.57,C
2922,391,24d10m18.2s,15d47m29.2s,77,61,72,-90,4,50,1.39,C
2924,393,24d10m18.3s,15d48m13.4s,77,74,76,-90,2,109,3.46,C
2926,395,24d10m18.5s,15d45m16.1s,63,63,63,0,2,-335,5.02,C
2929,398,24d10m19.2s,15d46m17.3s,143,106,131,-70,4,-115,2.11,C
2931,400,24d10m19.3s,15d45m18.4s,62,50,58,0,2,-353,4.91,C
2932,401,24d10m19.3s,15d47m19.9s,46,41,44,0,4,50,0.95,C
2934,403,24d10m19.9s,15d48m32.5s,155,144,151,-90,1,-35,4.37,C
2935,404,24d10m19.9s,15d48m13.6s,47,31,41,30,2,111,3.47,C
2939,408,24d10m20.8s,15d46m28.3s,46,44,45,0,2,-152,1.58,C
2942,411,24d10m21.0s,15d48m21.0s,60,59,60,-90,1,-140,3.82,C
2947,416,24d10m22.1s,15d48m16.2s,47,45,46,-90,2,131,3.58,C
2956,425,24d10m23.4s,15d47m30.1s,112,99,108,-90,4,21,1.39,C
2958,427,24d10m23.5s,15d47m2.6s,60,52,58,0,4,197,0.13,C
2962,431,24d10m24.2s,15d45m29.2s,60,57,59,-90,4,301,4.39,C
2964,433,24d10m24.7s,15d46m54.6s,58,45,53,0,2,260,0.32,C
2965,434,24d10m25.1s,15d47m17.3s,46,30,41,0,4,68,0.77,C
2970,439,24d10m25.7s,15d47m18.6s,47,42,45,0,4,59,0.83,C
2973,442,24d10m26.0s,15d46m36.5s,71,66,69,-90,2,-192,1.17,C
2976,445,24d10m26.9s,15d47m26.1s,45,45,45,0,4,-25,1.19,C
2978,447,24d10m27.3s,15d48m26.0s,73,70,72,0,1,-106,4.05,C
2979,448,24d10m27.4s,15d46m53.9s,49,46,48,0,2,273,0.35,C
2983,452,24d10m27.8s,15d47m37.1s,79,70,76,0,4,57,1.72,C
2985,454,24d10m27.9s,15d47m56.8s,41,41,41,0,2,-40,2.66,C
2988,457,24d10m28.4s,15d45m54.7s,56,56,56,0,4,93,3.17,C
2993,462,24d10m29.2s,15d48m22.3s,97,84,93,0,1,-144,3.87,C
3008,477,24d10m31.3s,15d46m56.9s,67,49,61,0,4,260,0.32,C
3010,479,24d10m31.4s,15d46m59.5s,49,33,44,0,4,237,0.26,C
3013,482,24d10m31.9s,15d47m30.6s,42,40,41,0,4,-6,1.43,C
3020,489,24d10m32.9s,15d45m54.3s,126,95,115,-40,4,98,3.2,C
3027,496,24d10m34.1s,15d46m4.3s,89,89,89,0,4,18,2.74,C
3031,500,24d10m34.6s,15d45m48.7s,121,110,118,0,4,151,3.48,C
3034,503,24d10m35.0s,15d48m16.9s,55,49,53,0,2,140,3.64,C
3035,504,24d10m35.1s,15d47m57.2s,121,121,121,0,2,-33,2.71,C
3038,507,24d10m35.1s,15d46m21.1s,57,57,57,0,4,-113,1.96,C
3051,520,24d10m36.2s,15d46m42.5s,64,57,61,0,4,249,1.01,C
3057,526,24d10m36.5s,15d47m5.7s,51,36,46,0,4,188,0.53,C
3063,532,24d10m37.0s,15d46m32.5s,55,50,53,0,4,-193,1.46,C
3071,540,24d10m38.7s,15d47m34.8s,60,53,58,0,4,42,1.71,C
3079,548,24d10m39.4s,15d48m1.8s,195,191,194,0,2,11,2.96,C
3081,550,24d10m39.7s,15d48m14.5s,61,58,60,0,2,122,3.56,C
3087,556,24d10m40.5s,15d45m13.3s,61,58,60,0,2,-238,5.19,C
3089,558,24d10m40.6s,15d45m37.8s,74,66,72,0,4,259,4.03,C
3097,566,24d10m41.1s,15d46m8.4s,69,66,68,-90,4,11,2.61,C
3100,569,24d10m41.4s,15d48m13.2s,46,46,46,0,2,113,3.51,C
3101,570,24d10m41.6s,15d47m30.0s,44,35,41,0,4,8,1.55,C
3105,574,24d10m42.1s,15d48m35.6s,67,47,60,0,1,-77,4.57,C
3115,584,24d10m44.2s,15d48m30.2s,55,52,54,-40,1,-127,4.33,C
3119,588,24d10m45.1s,15d48m11.9s,62,60,61,-90,2,105,3.49,C
3120,589,24d10m45.2s,15d45m54.4s,56,41,51,-60,4,138,3.31,C
3123,592,24d10m45.7s,15d48m8.8s,74,70,73,0,2,80,3.35,C
3124,593,24d10m45.7s,15d48m1.6s,46,38,43,0,2,16,3.03,C
3126,595,24d10m45.8s,15d47m38.6s,58,55,57,0,4,94,2.01,C
3127,596,24d10m46.0s,15d48m5.2s,53,53,53,0,2,48,3.2,C
3128,597,24d10m46.0s,15d47m40.8s,79,76,78,-90,4,113,2.11,C
3129,598,24d10m46.2s,15d48m3.0s,45,41,44,0,2,28,3.1,C
3132,601,24d10m46.5s,15d46m2.8s,81,68,77,0,4,74,2.94,C
3139,608,24d10m47.9s,15d48m18.6s,44,37,42,0,2,169,3.83,C
3143,612,24d10m48.8s,15d48m8.9s,289,206,261,-60,2,85,3.4,C
3144,613,24d10m49.0s,15d45m54.8s,79,55,71,0,4,148,3.34,C
3149,618,24d10m49.9s,15d46m34.6s,48,43,46,0,4,-116,1.68,C
3163,632,24d10m54.3s,15d47m34.3s,45,41,43,0,4,100,2.05,C
3164,633,24d10m54.7s,15d47m24.7s,153,132,146,0,4,39,1.74,C
3166,635,24d10m55.6s,15d48m22.0s,53,51,52,90,2,213,4.09,C
3171,640,24d10m57.0s,15d46m8.9s,82,79,81,0,4,76,2.87,C
3176,645,24d10m58.5s,15d47m25.3s,47,44,46,0,4,66,1.89,C
3178,647,24d10m59.0s,15d46m25.8s,51,39,47,0,4,-10,2.27,C
3182,651,24d10m59.7s,15d46m32.4s,43,37,41,90,4,-30,2.07,C
3184,653,24d11m0.1s,15d47m18.3s,90,78,86,0,4,42,1.77,C
3191,660,24d11m1.7s,15d46m57.5s,125,110,120,-90,4,-20,1.65,C
3194,663,24d11m2.0s,15d47m58.2s,49,47,48,-90,2,30,3.19,C
3195,664,24d11m2.1s,15d47m16.0s,62,43,55,50,4,47,1.8,C
3198,667,24d11m3.6s,15d46m50.7s,140,80,120,30,4,-10,1.8,C
3204,673,24d11m5.9s,15d45m32.4s,334,238,302,-60,2,-228,4.61,C
3205,674,24d11m6.1s,15d46m3.1s,61,61,61,90,4,169,3.33,C
3211,680,24d11m7.0s,15d46m13.3s,92,86,90,-90,4,109,2.96,C
3213,682,24d11m7.4s,15d46m59.7s,44,41,43,0,4,30,1.91,C
3216,685,24d11m8.6s,15d46m20.1s,560,483,534,-90,4,86,2.77,C
3217,686,24d11m8.8s,15d46m32.5s,44,44,44,0,4,43,2.4,C
3219,688,24d11m10.6s,15d47m12.6s,55,48,53,0,4,97,2.12,C
3220,689,24d11m10.9s,15d46m49.8s,89,89,89,0,4,45,2.13,C
3223,692,24d11m14.8s,15d45m41.7s,42,42,42,0,2,-208,4.4,C
3226,695,24d11m16.5s,15d47m44.2s,46,45,46,-90,2,-5,3.1,C
3230,699,24d11m18.3s,15d45m49.4s,46,39,44,0,2,-209,4.18,C
3232,701,24d11m18.8s,15d46m46.4s,86,74,82,-90,4,114,2.53,C
3234,703,24d11m19.0s,15d46m24.9s,48,47,48,0,4,146,2.99,C
3235,704,24d11m19.2s,15d45m54.0s,45,41,44,0,2,-207,4.03,C
3237,706,24d11m19.3s,15d45m45.2s,49,49,49,0,2,-188,4.37,C
3240,709,24d11m20.3s,15d45m27.3s,71,64,69,90,2,-101,5.13,C
3241,710,24d11m20.6s,15d46m24.7s,55,53,55,0,4,160,3.05,C
3245,714,24d11m21.4s,15d46m12.8s,53,49,52,0,4,214,3.43,C
3246,715,24d11m22.2s,15d46m10.2s,49,44,47,90,4,233,3.55,C
3247,716,24d11m22.3s,15d46m35.3s,223,213,220,90,4,152,2.87,C
3248,717,24d11m22.5s,15d45m30.2s,103,73,93,-50,2,-96,5.06,C
3249,718,24d11m22.6s,15d45m47.4s,51,48,50,0,2,-168,4.38,C
3272,741,24d11m32.1s,15d46m43.8s,72,70,72,0,2,-170,3.15,C
3277,746,24d11m34.3s,15d46m20.0s,48,38,45,90,2,-155,3.7,C
3285,754,24d11m37.8s,15d45m30.5s,44,37,42,0,2,11,5.44,C
3292,761,24d11m44.7s,15d45m49.3s,92,82,89,0,2,13,4.98,C
3295,764,24d11m45.9s,15d46m14.3s,51,48,50,0,2,-48,4.3,C
3302,771,24d11m47.6s,15d46m9.6s,68,59,65,0,2,-26,4.48,C
3309,778,24d11m48.9s,15d45m51.3s,47,42,45,0,2,40,5.06,C
3317,786,24d11m50.9s,15d46m6.4s,48,44,47,0,2,9,4.69,C
