ID,RA_DMS,DEC_DMS,SEMI_MAJ_PC,SEMI_MIN_PC,AVG_RAD_PC,PA_DEG,ARM,DIST_ARM_PC,GAL_RAD_KPC
1,24d08m58.8s,15d47m41.2s,28,28,28,0,3,94,4.43
2,24d09m2.4s,15d48m2.7s,37,37,37,0,3,78,4.83
3,24d09m4.3s,15d47m33.3s,53,50,52,0,3,46,4.05
4,24d09m8.1s,15d47m30.0s,56,53,55,0,3,20,3.83
5,24d09m14.2s,15d48m6.5s,53,53,53,0,3,-8,4.53
6,24d09m17.6s,15d47m1.3s,39,39,39,0,3,12,3.14
7,24d09m18.3s,15d48m3.8s,29,29,29,0,3,-48,4.31
8,24d09m23.7s,15d48m14.1s,25,25,25,0,3,-57,4.5
9,24d09m26.5s,15d47m16.3s,36,36,36,0,3,-110,2.82
10,24d09m27.0s,15d47m1.7s,95,90,94,0,3,-61,2.7
11,24d09m27.9s,15d47m9.6s,26,26,26,0,3,-96,2.69
12,24d09m28.6s,15d47m8.8s,22,22,22,0,3,-99,2.65
13,24d09m31.6s,15d47m2.2s,34,34,34,0,2,93,2.49
14,24d09m31.9s,15d47m6.9s,33,33,33,0,2,84,2.5
15,24d09m32.9s,15d47m1.0s,48,48,48,0,2,86,2.43
16,24d09m33.6s,15d47m7.1s,27,27,27,0,2,69,2.42
17,24d09m33.6s,15d47m0.4s,32,32,32,0,2,82,2.4
18,24d09m33.7s,15d47m13.4s,33,33,33,0,2,60,2.47
19,24d09m34.5s,15d47m2.0s,72,72,72,0,2,70,2.36
20,24d09m34.7s,15d47m6.0s,19,19,19,0,2,63,2.36
21,24d09m35.0s,15d46m40.3s,40,40,40,0,2,140,2.54
22,24d09m35.8s,15d47m6.1s,45,45,45,0,2,54,2.31
23,24d09m36.0s,15d47m0.6s,26,26,26,0,2,60,2.29
24,24d09m36.1s,15d46m59.9s,30,30,30,0,2,61,2.29
25,24d09m36.3s,15d46m41.0s,32,25,30,0,2,127,2.47
26,24d09m36.7s,15d47m54.5s,26,25,26,90,2,139,3.41
27,24d09m37.1s,15d47m1.2s,33,33,33,0,2,51,2.24
28,24d09m37.3s,15d46m40.4s,26,25,26,-90,2,123,2.44
29,24d09m37.3s,15d46m15.2s,45,45,45,0,4,-60,3.13
30,24d09m37.5s,15d47m30.2s,56,53,55,0,2,38,2.62
31,24d09m37.6s,15d47m26.2s,32,29,31,-90,2,28,2.52
32,24d09m37.7s,15d47m6.8s,42,42,42,0,2,37,2.23
33,24d09m38.3s,15d47m10.4s,19,19,19,0,2,27,2.23
34,24d09m38.3s,15d46m6.9s,107,107,107,0,4,1,3.39
35,24d09m38.6s,15d46m47.4s,59,59,59,0,2,83,2.27
36,24d09m39.1s,15d47m20.5s,43,43,43,0,2,13,2.34
37,24d09m39.2s,15d47m28.7s,29,26,28,-90,2,20,2.52
38,24d09m39.3s,15d47m48.4s,71,70,71,0,2,88,3.11
39,24d09m39.5s,15d47m13.7s,68,68,68,0,2,10,2.21
40,24d09m39.8s,15d45m55.7s,33,30,32,0,4,93,3.77
41,24d09m40.3s,15d47m28.7s,37,34,36,-90,2,11,2.47
42,24d09m40.3s,15d47m24.4s,20,20,20,0,2,2,2.37
43,24d09m40.4s,15d46m51.8s,140,85,122,-30,2,52,2.14
44,24d09m40.8s,15d47m9.8s,19,19,19,0,2,6,2.11
45,24d09m41.0s,15d47m23.6s,23,23,23,0,2,-2,2.33
46,24d09m41.0s,15d47m21.6s,31,31,31,0,2,-3,2.28
47,24d09m41.2s,15d47m10.5s,38,38,38,0,2,3,2.1
48,24d09m41.2s,15d45m46.5s,30,28,30,90,4,170,4.11
49,24d09m41.7s,15d47m0.0s,29,29,29,0,2,16,2.03
50,24d09m41.8s,15d47m18.6s,25,25,25,0,2,-10,2.19
51,24d09m42.3s,15d47m24.1s,40,40,40,0,2,-14,2.28
52,24d09m42.3s,15d47m2.8s,28,28,28,0,2,6,2.0
53,24d09m42.4s,15d45m51.0s,30,28,30,0,4,127,3.89
54,24d09m42.6s,15d45m51.9s,25,22,24,0,4,119,3.85
55,24d09m42.9s,15d47m22.8s,49,49,49,0,2,-19,2.23
56,24d09m43.1s,15d47m48.2s,38,33,37,90,2,59,2.98
57,24d09m43.1s,15d47m15.0s,56,56,56,0,2,-21,2.07
58,24d09m43.2s,15d46m45.1s,64,64,64,0,2,57,2.1
59,24d09m43.3s,15d46m39.3s,48,46,47,0,2,87,2.21
60,24d09m43.3s,15d47m20.6s,53,53,53,0,2,-23,2.16
61,24d09m43.5s,15d46m9.9s,22,22,22,0,4,-35,3.12
62,24d09m43.8s,15d45m53.8s,53,50,52,90,4,100,3.75
63,24d09m43.9s,15d47m23.4s,26,26,26,0,2,-27,2.2
64,24d09m43.9s,15d47m29.7s,35,35,35,0,2,-14,2.36
65,24d09m44.1s,15d47m22.0s,32,32,32,0,2,-29,2.16
66,24d09m44.4s,15d45m53.2s,26,24,26,0,4,103,3.76
67,24d09m44.5s,15d46m2.5s,37,34,36,0,4,24,3.38
68,24d09m44.7s,15d46m50.8s,34,34,34,0,2,23,1.95
69,24d09m44.8s,15d46m49.6s,56,54,55,0,2,27,1.97
70,24d09m45.0s,15d46m19.5s,15,15,15,0,4,-120,2.73
71,24d09m45.2s,15d47m29.0s,37,37,37,0,2,-25,2.29
72,24d09m45.2s,15d47m31.7s,50,50,50,0,2,-19,2.37
73,24d09m45.2s,15d47m1.0s,32,32,32,0,2,-13,1.87
74,24d09m45.3s,15d47m26.0s,110,110,110,0,2,-33,2.21
75,24d09m45.3s,15d46m4.5s,30,25,29,0,4,6,3.28
76,24d09m45.4s,15d47m21.7s,26,26,26,0,2,-40,2.11
77,24d09m45.8s,15d47m30.1s,34,34,34,0,2,-26,2.3
78,24d09m45.9s,15d47m22.8s,20,20,20,0,2,-45,2.11
79,24d09m46.2s,15d47m56.8s,41,40,41,90,2,95,3.22
80,24d09m46.3s,15d46m57.8s,66,66,66,0,2,-15,1.83
81,24d09m46.4s,15d47m14.8s,41,41,41,0,2,-47,1.93
82,24d09m46.7s,15d47m13.4s,34,34,34,0,2,-45,1.9
83,24d09m46.9s,15d46m50.4s,21,21,21,0,2,7,1.86
84,24d09m47.1s,15d46m56.3s,58,58,58,0,2,-15,1.8
85,24d09m47.2s,15d47m24.6s,24,24,24,0,2,-51,2.1
86,24d09m47.3s,15d47m11.1s,39,39,39,0,2,-50,1.83
87,24d09m47.5s,15d47m11.9s,28,28,28,0,2,-52,1.84
88,24d09m47.6s,15d45m59.7s,36,34,35,0,4,43,3.42
89,24d09m47.9s,15d47m31.6s,29,29,29,0,2,-43,2.27
90,24d09m48.2s,15d47m41.8s,82,82,82,0,2,-4,2.6
91,24d09m48.3s,15d46m0.5s,40,40,40,0,4,35,3.37
92,24d09m48.4s,15d46m7.9s,87,83,86,0,4,-30,3.07
93,24d09m48.5s,15d47m37.3s,52,49,51,-90,2,-28,2.44
94,24d09m48.5s,15d47m44.4s,52,52,52,0,2,3,2.68
95,24d09m49.0s,15d46m10.7s,34,32,34,0,4,-54,2.94
96,24d09m49.4s,15d45m55.1s,37,34,36,90,4,79,3.57
97,24d09m49.7s,15d46m9.4s,25,24,25,90,4,-44,2.98
98,24d09m49.7s,15d47m44.1s,24,20,22,90,2,-6,2.64
99,24d09m49.7s,15d46m6.6s,50,50,50,0,4,-19,3.09
100,24d09m49.7s,15d46m47.4s,27,27,27,0,2,4,1.79
101,24d09m49.8s,15d47m33.0s,25,25,25,0,2,-55,2.25
102,24d09m49.8s,15d47m46.9s,67,67,67,0,2,10,2.74
103,24d09m49.8s,15d47m43.4s,15,15,15,0,2,-12,2.61
104,24d09m49.9s,15d46m48.5s,19,17,18,0,2,-5,1.76
105,24d09m49.9s,15d46m17.2s,25,25,25,0,4,-112,2.67
106,24d09m50.1s,15d47m42.0s,18,18,18,0,2,-18,2.55
107,24d09m50.4s,15d46m8.3s,24,24,24,0,4,-34,3.0
108,24d09m50.5s,15d45m42.5s,34,29,33,0,4,189,4.09
109,24d09m50.5s,15d46m21.9s,50,48,49,90,4,-154,2.48
110,24d09m50.5s,15d47m48.5s,21,21,21,0,2,16,2.78
111,24d09m50.6s,15d46m10.2s,25,25,25,0,4,-51,2.92
112,24d09m50.8s,15d47m42.9s,33,19,28,70,2,-21,2.56
113,24d09m50.9s,15d46m39.0s,29,29,29,0,2,41,1.92
114,24d09m51.0s,15d45m43.2s,45,42,44,90,4,182,4.05
115,24d09m51.1s,15d46m51.1s,17,17,17,0,2,-24,1.67
116,24d09m51.2s,15d47m48.6s,25,24,25,0,2,12,2.77
117,24d09m51.4s,15d45m48.1s,45,45,45,0,4,138,3.83
118,24d09m52.0s,15d45m57.2s,28,28,28,0,4,58,3.42
119,24d09m52.0s,15d46m39.4s,26,24,26,-90,2,31,1.87
120,24d09m52.0s,15d47m46.9s,24,21,23,90,2,-4,2.68
121,24d09m52.1s,15d46m5.4s,40,40,40,0,4,-15,3.08
122,24d09m52.2s,15d47m44.7s,26,26,26,0,2,-18,2.59
123,24d09m52.4s,15d47m35.6s,31,31,31,0,2,-63,2.25
124,24d09m52.8s,15d47m11.8s,53,52,52,-90,2,-97,1.6
125,24d09m52.8s,15d46m4.1s,25,25,25,0,4,-4,3.11
126,24d09m53.0s,15d45m57.1s,32,30,31,0,4,57,3.41
127,24d09m53.1s,15d46m10.1s,42,40,41,90,4,-57,2.86
128,24d09m53.1s,15d45m53.1s,214,210,213,0,4,91,3.57
129,24d09m53.3s,15d46m7.4s,127,119,124,0,4,-33,2.97
130,24d09m53.4s,15d46m22.6s,40,40,40,0,2,135,2.37
131,24d09m53.4s,15d46m49.7s,29,24,27,0,2,-38,1.59
132,24d09m53.6s,15d47m48.3s,30,28,30,90,2,-4,2.69
133,24d09m53.7s,15d46m5.1s,20,20,20,0,4,-12,3.05
134,24d09m53.8s,15d45m44.8s,106,93,101,0,4,164,3.93
135,24d09m54.0s,15d47m37.0s,20,20,20,0,2,-68,2.25
136,24d09m54.1s,15d47m39.2s,26,26,26,0,2,-60,2.33
137,24d09m54.3s,15d46m1.2s,32,22,29,0,4,19,3.21
138,24d09m54.4s,15d47m45.2s,25,25,25,0,2,-29,2.55
139,24d09m54.4s,15d46m39.6s,30,30,30,0,2,15,1.77
140,24d09m54.6s,15d48m1.9s,31,31,31,0,2,82,3.24
141,24d09m54.9s,15d46m10.1s,25,25,25,0,4,-57,2.82
142,24d09m55.0s,15d46m2.8s,36,29,34,90,4,4,3.12
143,24d09m55.3s,15d46m8.8s,38,36,37,0,4,-46,2.86
144,24d09m55.3s,15d46m15.3s,42,42,42,0,4,-104,2.6
145,24d09m55.4s,15d46m37.5s,38,37,38,0,2,23,1.8
146,24d09m56.0s,15d46m7.1s,28,28,28,0,4,-32,2.92
147,24d09m56.1s,15d47m2.2s,23,23,23,0,2,-106,1.37
148,24d09m56.1s,15d46m13.1s,53,52,52,0,4,-85,2.67
149,24d09m56.2s,15d47m1.3s,25,25,25,0,2,-104,1.36
150,24d09m56.3s,15d46m2.3s,36,34,35,90,4,5,3.12
151,24d09m56.4s,15d46m37.3s,20,20,20,0,2,18,1.77
152,24d09m56.7s,15d47m48.5s,37,34,36,90,2,-22,2.63
153,24d09m56.9s,15d47m46.4s,53,52,52,0,2,-36,2.54
154,24d09m57.0s,15d46m3.3s,42,41,42,90,4,-3,3.06
155,24d09m57.2s,15d46m10.0s,25,25,25,0,4,-60,2.77
156,24d09m57.3s,15d46m23.6s,42,42,42,0,2,106,2.22
157,24d09m57.4s,15d46m51.1s,32,30,31,0,2,-71,1.39
158,24d09m57.5s,15d48m16.4s,23,23,23,0,2,184,3.82
159,24d09m57.8s,15d47m47.7s,26,26,26,0,2,-34,2.57
160,24d09m57.9s,15d46m39.4s,45,45,45,0,2,-6,1.65
161,24d09m58.1s,15d46m28.8s,55,55,55,0,2,67,2.0
162,24d09m58.2s,15d46m14.0s,21,20,21,0,4,-97,2.58
163,24d09m58.3s,15d46m33.2s,37,37,37,0,2,34,1.84
164,24d09m58.3s,15d47m59.4s,148,143,146,0,2,46,3.05
165,24d09m58.3s,15d45m49.6s,26,26,26,0,4,115,3.64
166,24d09m58.4s,15d46m32.6s,82,82,82,0,2,38,1.86
167,24d09m58.5s,15d46m14.0s,109,109,109,0,4,-98,2.57
168,24d09m58.5s,15d45m46.3s,67,66,67,0,4,143,3.78
169,24d09m58.6s,15d45m51.3s,61,61,61,0,4,99,3.56
170,24d09m58.7s,15d46m34.7s,32,20,28,0,2,21,1.78
171,24d09m59.1s,15d45m57.8s,217,196,210,90,4,41,3.26
172,24d09m59.3s,15d46m37.2s,22,21,22,-90,2,1,1.67
173,24d09m59.5s,15d46m36.3s,24,22,23,-90,2,5,1.69
174,24d09m59.6s,15d45m55.0s,77,74,76,0,4,65,3.38
175,24d09m59.7s,15d46m33.1s,33,33,33,0,2,29,1.8
176,24d09m59.7s,15d46m14.0s,42,41,42,0,4,-99,2.55
177,24d10m0.1s,15d45m48.8s,77,74,76,0,4,119,3.65
178,24d10m0.7s,15d45m55.0s,34,34,34,0,4,65,3.36
179,24d10m0.8s,15d46m4.1s,107,93,102,0,4,-15,2.96
180,24d10m0.8s,15d46m35.6s,33,32,33,-90,2,7,1.67
181,24d10m0.9s,15d45m50.8s,53,48,51,0,4,100,3.55
182,24d10m0.9s,15d46m15.3s,34,34,34,0,4,-111,2.47
183,24d10m1.1s,15d48m3.0s,30,30,30,0,2,61,3.17
184,24d10m1.3s,15d45m40.7s,53,50,52,90,4,187,4.0
185,24d10m1.4s,15d46m26.6s,22,22,22,0,2,67,2.0
186,24d10m1.6s,15d47m39.0s,75,74,75,0,2,-112,2.12
187,24d10m1.7s,15d46m1.8s,33,32,33,0,4,3,3.04
188,24d10m1.9s,15d48m26.0s,28,26,27,-90,1,-185,4.2
189,24d10m2.2s,15d45m43.4s,106,106,106,0,4,161,3.86
190,24d10m2.3s,15d46m32.7s,37,37,37,0,2,16,1.74
191,24d10m2.3s,15d46m27.7s,19,19,19,0,2,54,1.93
192,24d10m2.4s,15d46m26.8s,18,18,18,0,2,62,1.96
193,24d10m2.5s,15d45m54.9s,19,17,18,0,4,60,3.34
194,24d10m2.8s,15d48m1.7s,30,30,30,0,2,45,3.08
195,24d10m2.8s,15d47m13.2s,25,25,25,0,2,-184,1.21
196,24d10m2.8s,15d46m0.7s,27,24,26,0,4,12,3.07
197,24d10m3.1s,15d46m41.4s,28,28,28,0,2,-47,1.41
198,24d10m3.3s,15d46m31.0s,40,40,40,0,2,23,1.77
199,24d10m3.3s,15d46m35.4s,30,30,30,0,2,-8,1.61
200,24d10m3.5s,15d46m27.1s,39,39,39,0,2,58,1.92
201,24d10m3.7s,15d48m28.2s,52,52,52,0,1,-162,4.28
202,24d10m3.8s,15d47m17.0s,107,54,90,-90,4,177,1.27
203,24d10m3.8s,15d45m36.1s,74,74,74,0,4,223,4.18
204,24d10m4.0s,15d47m14.4s,51,51,51,0,4,185,1.19
205,24d10m4.2s,15d45m46.7s,41,40,41,90,4,129,3.69
206,24d10m4.4s,15d46m42.7s,38,29,35,-60,2,-63,1.32
207,24d10m4.6s,15d45m57.1s,32,30,32,0,4,39,3.2
208,24d10m4.6s,15d46m30.8s,20,20,20,0,2,25,1.74
209,24d10m4.6s,15d46m37.2s,57,57,57,0,2,-26,1.5
210,24d10m4.7s,15d48m25.0s,36,36,36,0,1,-170,4.12
211,24d10m4.8s,15d48m12.3s,27,27,27,0,2,128,3.53
212,24d10m4.9s,15d45m59.7s,41,40,41,0,4,16,3.09
213,24d10m5.0s,15d46m52.5s,22,21,22,0,2,131,1.04
214,24d10m5.0s,15d47m25.5s,21,19,20,-90,4,153,1.51
215,24d10m5.1s,15d45m52.8s,45,45,45,0,4,74,3.4
216,24d10m5.3s,15d46m50.8s,38,37,38,0,2,122,1.07
217,24d10m5.4s,15d48m13.2s,25,25,25,0,2,134,3.57
218,24d10m5.4s,15d46m22.7s,82,74,79,0,2,98,2.06
219,24d10m5.7s,15d46m48.1s,25,24,25,0,2,107,1.12
220,24d10m6.0s,15d45m57.7s,46,46,46,0,4,29,3.16
221,24d10m6.0s,15d47m25.2s,26,25,26,-90,4,144,1.47
222,24d10m6.1s,15d45m37.9s,61,58,60,0,4,206,4.07
223,24d10m6.2s,15d46m13.0s,30,28,30,0,4,-100,2.47
224,24d10m6.2s,15d46m20.7s,95,87,93,0,2,117,2.13
225,24d10m6.5s,15d45m11.6s,87,87,87,0,2,-318,5.3
226,24d10m6.7s,15d46m58.6s,38,37,38,0,2,176,0.89
227,24d10m6.8s,15d47m54.8s,127,122,125,0,2,-24,2.71
228,24d10m7.2s,15d46m48.6s,40,38,39,0,2,120,1.05
229,24d10m7.2s,15d47m49.8s,54,53,54,0,2,-65,2.48
230,24d10m7.3s,15d46m46.3s,42,41,42,0,2,104,1.11
231,24d10m7.4s,15d45m58.3s,46,44,45,0,4,21,3.11
232,24d10m7.6s,15d46m17.1s,77,75,76,90,4,-139,2.26
233,24d10m7.9s,15d48m13.0s,44,44,44,0,2,124,3.53
234,24d10m8.1s,15d46m34.9s,37,24,33,0,2,-37,1.49
235,24d10m8.4s,15d46m41.5s,60,58,59,-90,2,-77,1.23
236,24d10m8.4s,15d47m45.5s,62,58,61,90,2,-104,2.26
237,24d10m8.5s,15d45m43.2s,42,38,41,0,4,157,3.8
238,24d10m8.6s,15d46m31.3s,33,33,33,0,2,-44,1.63
239,24d10m8.7s,15d45m53.6s,48,42,46,0,4,64,3.32
240,24d10m8.7s,15d45m56.2s,24,24,24,0,4,40,3.2
241,24d10m8.7s,15d46m24.7s,29,28,29,0,2,90,1.91
242,24d10m9.1s,15d46m23.5s,52,49,51,90,2,101,1.95
243,24d10m9.2s,15d46m40.8s,33,32,33,-90,2,-78,1.24
244,24d10m9.2s,15d46m0.6s,28,28,28,0,4,2,2.99
245,24d10m9.2s,15d46m12.3s,26,25,26,90,4,-100,2.45
246,24d10m9.2s,15d47m47.2s,32,32,32,0,2,-94,2.33
247,24d10m9.4s,15d45m57.8s,37,36,37,0,4,26,3.11
248,24d10m9.4s,15d48m23.2s,32,32,32,0,1,-152,3.99
249,24d10m9.4s,15d46m31.6s,36,24,32,50,2,-50,1.6
250,24d10m9.6s,15d46m24.8s,23,23,23,0,2,92,1.89
251,24d10m9.6s,15d46m41.7s,25,24,25,0,2,-86,1.19
252,24d10m9.8s,15d47m45.6s,16,16,16,0,2,-109,2.25
253,24d10m9.8s,15d45m48.4s,42,30,38,75,4,111,3.55
254,24d10m9.9s,15d47m55.4s,21,20,21,90,2,-26,2.69
255,24d10m9.9s,15d46m1.0s,19,17,18,0,4,-4,2.96
256,24d10m10.0s,15d46m12.0s,16,16,16,0,4,-96,2.45
257,24d10m10.1s,15d46m23.7s,28,28,28,0,2,103,1.93
258,24d10m10.2s,15d45m12.1s,101,101,101,0,2,-316,5.25
259,24d10m10.2s,15d48m1.9s,31,31,31,0,2,25,2.99
260,24d10m10.5s,15d46m35.2s,33,32,33,90,2,-58,1.42
261,24d10m10.7s,15d46m34.4s,52,52,52,0,2,-58,1.45
262,24d10m11.0s,15d46m31.1s,40,38,39,0,2,-64,1.59
263,24d10m11.4s,15d46m13.4s,60,60,60,0,4,-107,2.37
264,24d10m11.4s,15d46m14.7s,26,26,26,0,4,-118,2.31
265,24d10m11.5s,15d46m2.1s,23,23,23,0,4,-6,2.89
266,24d10m11.6s,15d46m44.7s,95,93,94,0,2,117,1.02
267,24d10m11.6s,15d48m9.3s,323,312,319,0,2,82,3.32
268,24d10m12.1s,15d45m57.4s,26,13,22,0,4,31,3.11
269,24d10m12.7s,15d47m15.3s,19,19,19,0,4,-119,0.91
270,24d10m12.9s,15d47m25.2s,63,62,63,0,4,85,1.3
271,24d10m12.9s,15d47m21.6s,87,83,86,0,4,88,1.14
272,24d10m13.1s,15d46m38.3s,25,24,25,90,2,-89,1.24
273,24d10m13.3s,15d48m21.3s,21,21,21,0,1,-149,3.87
274,24d10m13.3s,15d46m33.9s,79,77,78,90,2,-81,1.42
275,24d10m13.5s,15d45m43.8s,73,69,71,0,4,153,3.73
276,24d10m13.6s,15d46m48.9s,30,30,30,0,2,-156,0.81
277,24d10m13.6s,15d46m9.5s,22,20,22,90,4,-68,2.52
278,24d10m13.7s,15d48m31.4s,28,28,28,0,1,-73,4.34
279,24d10m13.9s,15d47m22.6s,44,44,44,0,4,77,1.17
280,24d10m14.0s,15d46m11.3s,36,36,36,0,4,-83,2.44
281,24d10m14.1s,15d46m36.9s,24,22,23,0,2,-92,1.27
282,24d10m14.1s,15d46m59.0s,25,25,25,0,2,-228,0.55
283,24d10m14.1s,15d46m55.5s,32,30,31,0,2,206,0.6
284,24d10m14.8s,15d47m1.9s,21,21,21,0,4,-215,0.51
285,24d10m15.0s,15d46m58.9s,25,22,24,0,2,233,0.51
286,24d10m15.1s,15d46m33.3s,33,30,32,0,2,-96,1.42
287,24d10m15.4s,15d46m28.8s,182,182,182,0,2,-107,1.62
288,24d10m15.4s,15d45m20.0s,53,53,53,0,4,369,4.85
289,24d10m15.6s,15d45m33.1s,40,38,39,0,4,251,4.22
290,24d10m15.6s,15d46m2.2s,71,66,70,0,4,0,2.85
291,24d10m15.7s,15d46m54.7s,36,32,34,0,2,207,0.56
292,24d10m15.8s,15d47m5.6s,25,25,25,0,4,-180,0.51
293,24d10m15.8s,15d45m56.5s,23,23,23,0,4,45,3.12
294,24d10m15.9s,15d45m16.5s,61,56,59,0,2,-344,5.01
295,24d10m16.0s,15d46m43.7s,101,98,100,0,2,138,0.95
296,24d10m16.1s,15d46m14.3s,29,26,28,90,4,-99,2.28
297,24d10m16.1s,15d45m34.6s,41,30,37,-20,4,239,4.15
298,24d10m16.5s,15d48m36.4s,23,23,23,0,1,33,4.56
299,24d10m16.6s,15d47m4.0s,29,28,29,0,4,192,0.45
300,24d10m16.7s,15d47m8.3s,25,25,25,0,4,-154,0.55
301,24d10m16.9s,15d46m55.0s,26,25,26,0,2,217,0.5
302,24d10m17.0s,15d46m34.1s,44,41,43,0,2,-112,1.35
303,24d10m17.1s,15d45m59.1s,34,34,34,0,4,27,2.99
304,24d10m17.1s,15d46m53.2s,23,23,23,0,2,-205,0.55
305,24d10m17.1s,15d46m56.7s,27,27,27,0,2,-229,0.46
306,24d10m17.4s,15d46m25.7s,36,36,36,0,2,136,1.73
307,24d10m17.5s,15d48m35.7s,36,36,36,0,1,-25,4.53
308,24d10m17.6s,15d46m48.7s,108,107,108,0,2,179,0.7
309,24d10m17.8s,15d47m0.1s,29,28,29,0,4,224,0.38
310,24d10m18.2s,15d48m2.2s,29,29,29,0,2,14,2.94
311,24d10m18.2s,15d47m38.7s,18,18,18,0,4,108,1.83
312,24d10m18.3s,15d45m15.6s,53,50,52,0,2,-332,5.04
313,24d10m18.3s,15d46m0.8s,19,19,19,0,4,15,2.9
314,24d10m18.4s,15d46m27.2s,60,58,59,0,2,137,1.66
315,24d10m18.4s,15d45m56.7s,71,62,68,90,4,50,3.09
316,24d10m18.5s,15d46m54.7s,28,28,28,0,2,-223,0.46
317,24d10m18.6s,15d46m47.6s,69,66,68,0,2,179,0.73
318,24d10m18.6s,15d45m47.0s,41,38,40,0,4,133,3.55
319,24d10m18.6s,15d47m39.5s,23,23,23,0,4,111,1.86
320,24d10m18.8s,15d46m36.9s,20,20,20,0,2,-131,1.2
321,24d10m18.8s,15d48m36.7s,35,35,35,0,1,13,4.57
322,24d10m18.9s,15d46m17.2s,101,101,101,0,4,-116,2.12
323,24d10m18.9s,15d46m56.6s,44,41,43,0,2,239,0.39
324,24d10m19.0s,15d48m1.8s,17,17,17,0,2,6,2.91
325,24d10m19.0s,15d45m33.0s,40,33,37,0,4,258,4.21
326,24d10m19.0s,15d46m44.5s,61,60,60,0,2,162,0.86
327,24d10m19.1s,15d45m18.0s,74,69,72,0,2,-350,4.93
328,24d10m19.1s,15d47m38.9s,20,20,20,0,4,104,1.83
329,24d10m19.2s,15d45m57.5s,26,25,26,90,4,45,3.05
330,24d10m19.2s,15d47m7.6s,30,29,30,0,4,155,0.44
331,24d10m19.2s,15d45m34.1s,34,26,32,0,4,249,4.16
332,24d10m19.4s,15d45m35.6s,37,36,37,90,4,236,4.09
333,24d10m19.4s,15d46m34.5s,61,60,60,90,2,-133,1.31
334,24d10m19.7s,15d46m19.1s,45,42,44,0,4,-130,2.02
335,24d10m19.7s,15d48m13.8s,29,29,29,0,2,112,3.48
336,24d10m20.0s,15d48m32.4s,115,114,115,0,1,-37,4.36
337,24d10m20.2s,15d46m45.2s,58,58,58,0,2,-175,0.8
338,24d10m20.2s,15d48m6.7s,32,32,32,0,2,48,3.14
339,24d10m20.2s,15d46m36.2s,24,24,24,0,2,-142,1.22
340,24d10m20.3s,15d46m33.9s,34,32,34,0,2,-141,1.32
341,24d10m20.5s,15d48m13.3s,38,38,38,0,2,108,3.45
342,24d10m20.6s,15d47m26.7s,38,37,38,90,4,22,1.25
343,24d10m20.6s,15d45m34.9s,36,34,35,90,4,244,4.12
344,24d10m20.7s,15d47m8.1s,46,44,45,0,4,149,0.41
345,24d10m20.7s,15d47m9.8s,147,72,122,0,4,133,0.48
346,24d10m20.8s,15d46m28.2s,38,37,38,0,2,-153,1.59
347,24d10m20.8s,15d48m4.7s,40,40,40,0,2,30,3.04
348,24d10m20.9s,15d48m14.1s,31,31,31,0,2,115,3.49
349,24d10m20.9s,15d46m29.2s,31,31,31,0,2,-151,1.54
350,24d10m21.0s,15d46m39.2s,22,22,22,0,2,-155,1.07
351,24d10m21.1s,15d48m23.7s,29,28,29,90,1,-115,3.94
352,24d10m21.2s,15d46m55.8s,32,32,32,0,2,-247,0.33
353,24d10m21.2s,15d47m12.5s,24,22,23,0,4,109,0.58
354,24d10m21.8s,15d45m37.2s,60,45,55,-80,4,226,4.01
355,24d10m21.8s,15d46m38.5s,21,17,20,0,2,160,1.1
356,24d10m22.2s,15d47m3.6s,19,17,18,0,4,188,0.21
357,24d10m22.4s,15d47m12.3s,13,13,13,0,4,-109,0.56
358,24d10m22.5s,15d48m14.1s,40,38,39,90,2,112,3.48
359,24d10m22.5s,15d46m16.2s,23,23,23,0,4,-99,2.15
360,24d10m22.8s,15d45m48.4s,81,81,81,0,4,133,3.47
361,24d10m22.9s,15d48m5.7s,27,27,27,0,2,39,3.08
362,24d10m23.1s,15d48m36.5s,33,33,33,0,1,-7,4.55
363,24d10m23.3s,15d46m57.1s,19,19,19,0,4,-247,0.23
364,24d10m23.3s,15d46m0.1s,45,44,45,90,4,39,2.91
365,24d10m23.5s,15d47m5.1s,36,32,34,0,4,175,0.22
366,24d10m23.7s,15d46m2.7s,26,25,26,90,4,17,2.79
367,24d10m23.9s,15d47m12.1s,36,36,36,0,4,-112,0.53
368,24d10m24.0s,15d46m55.0s,74,74,74,0,2,-259,0.31
369,24d10m24.2s,15d46m27.4s,28,25,27,90,2,-183,1.61
370,24d10m24.5s,15d48m27.0s,60,54,58,0,1,-91,4.1
371,24d10m24.6s,15d47m22.5s,25,24,25,0,4,24,1.02
372,24d10m25.0s,15d48m35.5s,48,45,47,0,1,-21,4.5
373,24d10m25.2s,15d48m37.2s,42,41,42,90,1,-11,4.58
374,24d10m25.2s,15d46m28.4s,46,44,45,0,2,-189,1.56
375,24d10m25.3s,15d46m1.4s,66,63,65,90,4,33,2.85
376,24d10m25.3s,15d46m3.2s,40,37,39,90,4,17,2.76
377,24d10m25.5s,15d46m26.7s,61,56,59,90,4,-193,1.64
378,24d10m26.2s,15d45m52.9s,37,34,36,90,4,108,3.25
379,24d10m26.4s,15d45m44.7s,46,45,46,90,4,176,3.65
380,24d10m26.5s,15d47m40.4s,21,21,21,0,4,89,1.88
381,24d10m26.5s,15d46m39.4s,29,24,27,0,2,202,1.03
382,24d10m26.5s,15d46m30.6s,53,53,53,0,2,-197,1.46
383,24d10m26.6s,15d46m22.4s,32,28,30,0,4,-154,1.85
384,24d10m26.7s,15d45m52.3s,29,29,29,0,4,115,3.29
385,24d10m26.7s,15d47m24.8s,32,32,32,0,4,-30,1.13
386,24d10m26.7s,15d46m20.7s,45,33,41,-30,4,-140,1.93
387,24d10m27.0s,15d47m26.0s,45,41,44,0,4,-26,1.19
388,24d10m27.1s,15d46m0.3s,37,37,37,0,4,43,2.9
389,24d10m27.2s,15d46m16.3s,60,56,58,0,4,-100,2.14
390,24d10m27.2s,15d46m5.4s,53,49,52,0,4,-2,2.66
391,24d10m27.3s,15d46m28.3s,45,45,45,0,4,-199,1.56
392,24d10m27.5s,15d46m13.9s,53,52,52,0,4,-79,2.25
393,24d10m27.6s,15d46m24.0s,30,29,30,90,4,-163,1.77
394,24d10m27.7s,15d46m51.3s,60,58,59,0,2,260,0.47
395,24d10m28.0s,15d46m33.2s,38,20,32,90,2,-207,1.34
396,24d10m28.1s,15d46m36.9s,32,29,31,0,2,-211,1.16
397,24d10m28.2s,15d46m2.6s,78,78,78,0,4,23,2.8
398,24d10m28.2s,15d47m20.2s,33,30,32,0,4,61,0.92
399,24d10m28.3s,15d48m29.6s,267,200,245,-50,1,-80,4.22
400,24d10m28.5s,15d46m35.9s,44,42,43,90,2,-213,1.21
401,24d10m28.8s,15d46m17.9s,54,52,53,90,4,-110,2.06
402,24d10m28.8s,15d46m41.0s,23,23,23,0,2,-225,0.97
403,24d10m28.8s,15d46m4.8s,62,61,62,0,4,3,2.69
404,24d10m29.0s,15d45m46.8s,69,67,68,0,4,165,3.55
405,24d10m29.0s,15d48m23.5s,26,26,26,0,1,-133,3.93
406,24d10m29.3s,15d48m22.3s,60,60,60,0,1,-144,3.88
407,24d10m29.4s,15d46m52.7s,63,61,63,0,2,279,0.43
408,24d10m29.4s,15d46m50.5s,32,30,31,0,2,268,0.53
409,24d10m29.5s,15d45m52.9s,53,50,52,0,4,110,3.26
410,24d10m29.5s,15d45m43.7s,56,53,55,90,4,193,3.7
411,24d10m29.6s,15d47m20.9s,54,52,53,0,4,68,0.96
412,24d10m29.8s,15d45m57.8s,151,132,145,-70,4,66,3.03
413,24d10m29.9s,15d46m36.2s,26,26,26,0,2,-225,1.2
414,24d10m30.1s,15d46m37.5s,19,16,18,0,2,-228,1.14
415,24d10m30.1s,15d47m11.9s,34,33,34,0,4,130,0.55
416,24d10m30.1s,15d48m16.4s,25,24,25,90,2,131,3.6
417,24d10m30.2s,15d47m45.8s,29,26,28,90,4,130,2.14
418,24d10m30.5s,15d47m4.0s,33,33,33,0,4,-197,0.25
419,24d10m30.5s,15d48m36.9s,62,62,62,0,1,-31,4.57
420,24d10m30.5s,15d47m24.5s,24,22,23,0,4,54,1.14
421,24d10m30.7s,15d48m19.1s,40,40,40,0,2,156,3.73
422,24d10m30.7s,15d47m21.7s,30,30,30,0,4,-74,1.01
423,24d10m30.7s,15d46m54.2s,42,42,42,0,4,-280,0.4
424,24d10m30.9s,15d45m48.5s,45,45,45,0,4,149,3.47
425,24d10m31.2s,15d47m40.3s,61,53,58,90,4,81,1.89
426,24d10m31.2s,15d48m4.0s,29,29,29,0,2,24,3.01
427,24d10m31.4s,15d46m36.9s,44,41,43,90,2,-239,1.18
428,24d10m31.5s,15d46m52.4s,29,29,29,0,4,-282,0.49
429,24d10m31.8s,15d45m44.2s,58,53,56,0,4,189,3.68
430,24d10m31.9s,15d46m43.1s,26,26,26,0,2,-256,0.9
431,24d10m31.9s,15d47m30.5s,44,42,43,90,4,-6,1.43
432,24d10m31.9s,15d46m38.7s,27,27,27,0,2,-246,1.1
433,24d10m31.9s,15d48m24.6s,86,85,86,0,1,-135,3.99
434,24d10m32.3s,15d45m45.9s,67,62,66,0,4,173,3.6
435,24d10m32.3s,15d46m6.4s,25,24,25,90,4,-5,2.63
436,24d10m32.3s,15d48m16.3s,26,25,26,90,2,135,3.6
437,24d10m32.3s,15d45m35.3s,37,34,36,0,4,268,4.1
438,24d10m32.4s,15d46m39.7s,27,27,27,0,2,-252,1.06
439,24d10m32.6s,15d48m37.8s,32,30,31,90,1,-29,4.62
440,24d10m32.6s,15d46m13.0s,60,60,60,0,4,-55,2.32
441,24d10m33.0s,15d46m15.0s,49,45,48,0,4,-71,2.22
442,24d10m33.0s,15d47m25.8s,29,29,29,0,4,-42,1.22
443,24d10m33.0s,15d46m9.0s,41,40,41,0,4,-22,2.51
444,24d10m33.0s,15d45m49.1s,40,40,40,0,4,145,3.45
445,24d10m33.1s,15d46m55.4s,33,33,33,0,4,-258,0.43
446,24d10m33.2s,15d45m43.2s,50,44,48,-20,4,198,3.73
447,24d10m33.5s,15d48m19.5s,34,33,34,90,2,164,3.76
448,24d10m33.5s,15d46m1.7s,34,32,34,90,4,36,2.86
449,24d10m33.5s,15d46m16.3s,36,34,35,90,4,-78,2.17
450,24d10m33.6s,15d47m2.7s,29,28,29,0,4,217,0.36
451,24d10m33.7s,15d46m4.5s,24,24,24,0,4,14,2.72
452,24d10m34.0s,15d45m44.8s,54,52,53,0,4,184,3.66
453,24d10m34.2s,15d46m3.4s,37,37,37,0,4,25,2.78
454,24d10m34.4s,15d45m48.4s,105,99,103,0,4,153,3.49
455,24d10m34.5s,15d46m21.8s,34,33,34,0,4,-121,1.92
456,24d10m34.5s,15d47m7.9s,21,21,21,0,4,-181,0.51
457,24d10m34.5s,15d47m24.5s,19,17,18,0,4,-53,1.18
458,24d10m34.7s,15d46m38.9s,30,30,30,0,4,-249,1.14
459,24d10m34.8s,15d45m59.9s,42,40,41,0,4,56,2.95
460,24d10m34.8s,15d46m54.9s,29,29,29,0,4,-246,0.5
461,24d10m34.8s,15d46m9.1s,75,57,69,60,4,-16,2.51
462,24d10m34.8s,15d45m42.0s,19,17,18,90,4,210,3.79
463,24d10m35.2s,15d46m21.0s,45,45,45,0,4,-112,1.96
464,24d10m35.3s,15d46m23.0s,37,34,36,0,4,-129,1.87
465,24d10m35.3s,15d47m25.6s,26,26,26,0,4,-42,1.24
466,24d10m35.3s,15d48m20.2s,30,30,30,0,2,170,3.8
467,24d10m35.3s,15d48m23.2s,74,74,74,0,1,-159,3.94
468,24d10m35.4s,15d47m27.4s,87,61,78,-30,4,-28,1.33
469,24d10m35.5s,15d45m9.7s,37,34,36,0,2,-231,5.34
470,24d10m35.8s,15d45m42.9s,53,53,53,0,4,204,3.76
471,24d10m35.8s,15d47m0.0s,25,25,25,0,4,-215,0.46
472,24d10m35.8s,15d47m34.6s,45,42,44,90,4,36,1.66
473,24d10m35.9s,15d46m16.7s,82,77,80,90,4,-73,2.17
474,24d10m35.9s,15d46m28.8s,28,25,27,90,4,-170,1.61
475,24d10m36.0s,15d47m5.1s,41,41,41,0,4,-194,0.5
476,24d10m36.1s,15d46m19.3s,38,38,38,0,4,-95,2.05
477,24d10m36.1s,15d46m42.5s,46,45,46,0,4,250,1.0
478,24d10m36.2s,15d45m46.1s,28,26,27,0,4,176,3.61
479,24d10m36.3s,15d48m20.2s,29,29,29,0,2,170,3.8
480,24d10m36.4s,15d47m30.5s,19,17,18,90,4,-3,1.48
481,24d10m36.5s,15d47m7.7s,24,22,23,0,4,179,0.58
482,24d10m36.6s,15d46m44.5s,34,32,34,0,4,248,0.93
483,24d10m36.7s,15d46m28.3s,26,26,26,0,4,-163,1.64
484,24d10m36.7s,15d45m7.6s,41,41,41,0,2,-209,5.44
485,24d10m36.8s,15d47m5.4s,34,34,34,0,4,-186,0.54
486,24d10m36.9s,15d45m9.7s,24,24,24,0,2,-225,5.34
487,24d10m36.9s,15d46m9.2s,26,25,26,0,4,-10,2.53
488,24d10m36.9s,15d46m26.3s,26,26,26,0,4,-146,1.74
489,24d10m36.9s,15d46m32.3s,50,42,48,90,4,-192,1.47
490,24d10m36.9s,15d45m10.8s,32,32,32,0,2,-235,5.29
491,24d10m37.1s,15d45m8.9s,26,24,26,0,2,-219,5.38
492,24d10m37.3s,15d46m14.7s,37,37,37,0,4,-53,2.27
493,24d10m37.4s,15d46m5.4s,42,42,42,0,4,18,2.71
494,24d10m37.5s,15d45m30.3s,73,73,73,0,4,318,4.36
495,24d10m37.7s,15d46m27.2s,32,32,32,0,4,-150,1.71
496,24d10m37.9s,15d46m38.7s,63,60,62,90,4,-225,1.2
497,24d10m38.2s,15d45m59.7s,60,45,55,0,4,70,2.98
498,24d10m38.2s,15d46m3.3s,29,28,29,90,4,39,2.82
499,24d10m38.3s,15d46m51.8s,24,22,23,0,4,224,0.72
500,24d10m38.5s,15d46m4.6s,42,41,42,90,4,29,2.76
501,24d10m38.6s,15d46m37.3s,40,40,40,0,4,-213,1.28
502,24d10m38.6s,15d45m8.8s,36,34,35,0,2,-212,5.39
503,24d10m38.7s,15d47m34.6s,69,63,67,90,4,40,1.7
504,24d10m38.8s,15d45m10.8s,87,79,85,0,2,-226,5.3
505,24d10m38.8s,15d46m51.1s,60,58,59,0,4,220,0.76
506,24d10m38.8s,15d48m30.6s,31,31,31,0,1,-108,4.31
507,24d10m38.9s,15d47m15.2s,29,29,29,0,4,-114,0.9
508,24d10m39.1s,15d46m56.0s,25,25,25,0,4,-208,0.65
509,24d10m39.1s,15d48m1.4s,190,185,189,0,2,7,2.94
510,24d10m39.1s,15d46m53.6s,56,52,54,0,4,216,0.7
511,24d10m39.2s,15d45m50.4s,102,102,102,0,4,149,3.43
512,24d10m39.3s,15d48m14.1s,37,34,36,90,2,119,3.54
513,24d10m39.5s,15d45m27.8s,66,66,66,0,4,344,4.49
514,24d10m39.6s,15d46m3.7s,46,42,45,90,4,41,2.81
515,24d10m39.8s,15d46m5.8s,32,29,31,90,4,27,2.71
516,24d10m39.9s,15d46m16.3s,49,48,49,0,4,-56,2.23
517,24d10m39.9s,15d48m28.4s,71,49,64,90,1,-129,4.22
518,24d10m40.2s,15d48m18.1s,63,60,62,90,2,156,3.73
519,24d10m40.4s,15d46m58.3s,35,35,35,0,4,-189,0.68
520,24d10m40.4s,15d47m10.7s,32,32,32,0,4,-136,0.81
521,24d10m40.5s,15d46m56.3s,27,27,27,0,4,-196,0.71
522,24d10m40.5s,15d45m38.1s,37,37,37,0,4,256,4.01
523,24d10m40.8s,15d48m13.4s,66,62,65,90,2,115,3.51
524,24d10m40.9s,15d46m3.1s,21,21,21,0,4,52,2.85
525,24d10m40.9s,15d46m8.2s,50,48,49,0,4,11,2.62
526,24d10m41.1s,15d45m46.2s,58,54,57,0,4,190,3.64
527,24d10m41.1s,15d46m4.2s,36,36,36,0,4,43,2.8
528,24d10m41.6s,15d46m6.0s,53,50,52,0,4,29,2.72
529,24d10m41.8s,15d46m39.7s,177,175,176,0,4,-196,1.25
530,24d10m42.0s,15d46m47.1s,41,41,41,0,4,-200,1.0
531,24d10m42.0s,15d45m43.8s,114,111,113,90,4,213,3.76
532,24d10m42.1s,15d47m26.1s,20,20,20,0,4,-19,1.4
533,24d10m42.3s,15d46m0.5s,40,38,39,90,4,78,2.99
534,24d10m42.3s,15d45m50.1s,17,17,17,0,4,162,3.47
535,24d10m42.5s,15d45m37.7s,36,36,36,0,4,265,4.05
536,24d10m42.6s,15d48m26.3s,24,22,23,90,1,-156,4.14
537,24d10m42.9s,15d45m50.8s,32,32,32,0,4,158,3.44
538,24d10m43.1s,15d47m3.2s,26,26,26,0,4,-147,0.79
539,24d10m43.2s,15d45m49.2s,26,26,26,0,4,173,3.52
540,24d10m43.2s,15d47m55.3s,32,32,32,0,2,-41,2.7
541,24d10m43.7s,15d46m55.1s,69,69,69,0,4,-175,0.86
542,24d10m43.7s,15d48m24.5s,33,33,33,0,1,-176,4.06
543,24d10m43.7s,15d48m28.7s,20,20,20,0,1,-139,4.26
544,24d10m43.7s,15d45m55.1s,50,48,49,0,4,126,3.25
545,24d10m43.9s,15d46m7.4s,20,19,19,0,4,27,2.69
546,24d10m43.9s,15d46m36.8s,38,38,38,0,4,-170,1.43
547,24d10m44.0s,15d47m16.6s,30,30,30,0,4,-77,1.11
548,24d10m44.0s,15d45m46.0s,85,85,85,0,4,202,3.68
549,24d10m44.1s,15d48m32.3s,29,29,29,0,1,-108,4.43
550,24d10m44.2s,15d46m4.7s,63,58,62,90,4,50,2.82
551,24d10m44.2s,15d46m0.8s,50,48,49,90,4,81,3.0
552,24d10m44.2s,15d48m27.4s,82,78,81,0,1,-152,4.2
553,24d10m44.3s,15d48m30.4s,66,65,66,0,1,-126,4.34
554,24d10m44.4s,15d47m13.0s,57,56,56,0,4,96,1.02
555,24d10m44.6s,15d46m8.4s,104,75,94,40,4,23,2.66
556,24d10m44.7s,15d47m42.7s,32,29,31,90,4,124,2.16
557,24d10m44.8s,15d45m43.6s,32,30,31,90,4,225,3.8
558,24d10m44.8s,15d47m22.3s,24,22,23,0,4,-32,1.33
559,24d10m44.9s,15d46m13.0s,56,53,55,0,4,-10,2.45
560,24d10m45.1s,15d45m58.7s,176,108,153,50,4,102,3.11
561,24d10m45.6s,15d47m23.0s,21,21,21,0,4,-23,1.38
562,24d10m45.7s,15d47m36.6s,45,42,44,90,4,77,1.92
563,24d10m45.8s,15d45m14.5s,42,34,40,0,2,-225,5.17
564,24d10m46.1s,15d47m15.6s,34,34,34,0,4,-71,1.16
565,24d10m46.1s,15d47m22.1s,32,32,32,0,4,-29,1.37
566,24d10m46.3s,15d47m26.1s,36,36,36,0,4,2,1.52
567,24d10m46.5s,15d47m13.6s,22,21,22,0,4,78,1.12
568,24d10m46.6s,15d45m18.1s,37,37,37,0,2,-246,5.0
569,24d10m46.8s,15d46m4.5s,143,132,139,90,4,62,2.87
570,24d10m47.2s,15d47m18.7s,19,19,19,0,4,-44,1.29
571,24d10m48.0s,15d45m52.5s,47,47,47,0,4,163,3.43
572,24d10m48.2s,15d45m58.1s,40,32,37,90,4,119,3.18
573,24d10m48.4s,15d47m26.7s,30,30,30,0,4,14,1.6
574,24d10m48.5s,15d46m0.1s,63,61,63,90,4,104,3.09
575,24d10m48.6s,15d47m24.6s,32,32,32,0,4,1,1.53
576,24d10m48.8s,15d45m54.8s,63,60,62,0,4,148,3.33
577,24d10m48.9s,15d46m10.5s,65,36,55,40,4,25,2.63
578,24d10m48.9s,15d48m7.7s,185,175,182,90,2,74,3.35
579,24d10m49.5s,15d47m45.3s,37,34,36,90,2,-115,2.37
580,24d10m49.8s,15d47m4.7s,33,33,33,0,4,-90,1.11
581,24d10m49.9s,15d47m23.2s,32,30,31,90,4,1,1.53
582,24d10m49.9s,15d46m3.9s,21,20,21,0,4,80,2.94
583,24d10m50.1s,15d47m17.0s,173,134,160,60,4,-35,1.35
584,24d10m50.4s,15d46m6.4s,33,32,33,90,4,63,2.84
585,24d10m50.4s,15d46m12.9s,56,34,49,20,4,15,2.56
586,24d10m50.5s,15d47m5.8s,29,29,29,0,4,-81,1.15
587,24d10m50.6s,15d46m2.4s,58,56,57,90,4,94,3.02
588,24d10m51.2s,15d45m56.0s,34,34,34,0,4,148,3.32
589,24d10m51.5s,15d46m34.9s,18,18,18,0,4,-103,1.72
590,24d10m51.6s,15d47m13.1s,21,20,21,90,4,-42,1.31
591,24d10m52.4s,15d47m10.0s,34,33,34,0,4,-46,1.29
592,24d10m52.6s,15d46m4.8s,79,75,78,0,4,85,2.95
593,24d10m53.3s,15d46m7.5s,34,33,34,90,4,67,2.85
594,24d10m53.4s,15d47m56.7s,43,43,43,0,2,-8,2.94
595,24d10m53.7s,15d47m24.6s,111,108,110,0,4,33,1.7
596,24d10m53.9s,15d46m19.6s,42,21,35,-20,4,-11,2.36
597,24d10m54.0s,15d46m11.7s,29,22,27,0,4,41,2.69
598,24d10m54.4s,15d47m15.3s,13,12,13,90,4,-12,1.47
599,24d10m54.7s,15d46m18.8s,40,40,40,0,4,-2,2.41
600,24d10m55.1s,15d47m56.9s,25,25,25,0,2,-2,2.98
601,24d10m55.2s,15d47m12.3s,138,107,127,40,4,-16,1.45
602,24d10m55.5s,15d46m15.1s,34,34,34,0,4,27,2.58
603,24d10m55.6s,15d47m36.3s,22,20,22,90,4,121,2.17
604,24d10m56.1s,15d46m7.1s,95,94,95,90,4,86,2.93
605,24d10m56.5s,15d46m54.2s,86,81,84,90,4,-64,1.44
606,24d10m56.9s,15d47m9.4s,26,25,26,0,4,-16,1.48
607,24d10m57.1s,15d48m1.5s,31,31,31,0,2,41,3.22
608,24d10m57.2s,15d45m45.9s,101,101,101,0,4,252,3.86
609,24d10m57.3s,15d46m5.8s,20,19,19,0,4,101,3.01
610,24d10m57.7s,15d46m41.6s,19,17,18,90,4,-63,1.73
611,24d10m58.1s,15d47m3.0s,21,20,21,90,4,-33,1.48
612,24d10m58.5s,15d46m23.5s,45,37,42,90,4,-4,2.33
613,24d10m58.5s,15d47m25.5s,40,37,39,0,4,67,1.89
614,24d10m58.6s,15d48m1.1s,32,32,32,0,2,41,3.23
615,24d10m59.1s,15d47m15.5s,41,40,41,0,4,22,1.67
616,24d10m59.9s,15d46m44.2s,29,29,29,0,4,-49,1.76
617,24d10m59.9s,15d47m58.6s,35,35,35,0,2,25,3.16
618,24d11m0.1s,15d46m59.5s,24,24,24,0,4,-27,1.57
619,24d11m0.4s,15d47m12.0s,28,26,27,90,4,18,1.67
620,24d11m0.5s,15d46m29.1s,19,19,19,0,4,-12,2.2
621,24d11m0.5s,15d47m1.7s,82,81,82,0,4,-19,1.59
622,24d11m1.4s,15d46m12.9s,37,34,36,90,4,77,2.82
623,24d11m1.5s,15d48m0.6s,50,50,50,0,2,47,3.27
624,24d11m1.9s,15d46m57.5s,124,108,119,90,4,-18,1.66
625,24d11m2.2s,15d46m51.4s,54,53,54,90,4,-22,1.73
626,24d11m2.4s,15d47m16.2s,61,57,60,0,4,51,1.83
627,24d11m2.6s,15d47m11.2s,22,16,20,90,4,30,1.75
628,24d11m2.8s,15d46m33.4s,65,63,64,90,4,-6,2.15
629,24d11m2.9s,15d47m3.3s,40,38,39,90,4,3,1.7
630,24d11m3.1s,15d47m12.8s,41,41,41,0,4,42,1.79
631,24d11m3.1s,15d47m55.5s,35,35,35,0,2,14,3.1
632,24d11m3.1s,15d46m37.2s,29,29,29,0,4,-14,2.06
633,24d11m3.1s,15d46m41.0s,29,28,29,90,4,-19,1.96
634,24d11m3.3s,15d47m10.8s,45,44,45,0,4,33,1.78
635,24d11m3.4s,15d46m9.7s,29,26,28,0,4,110,3.0
636,24d11m3.4s,15d46m7.5s,66,45,59,0,4,124,3.08
637,24d11m3.5s,15d46m49.5s,111,108,110,90,4,-16,1.81
638,24d11m3.9s,15d46m55.6s,37,37,37,0,4,-3,1.76
639,24d11m4.3s,15d47m0.3s,21,21,21,0,4,9,1.76
640,24d11m4.4s,15d45m26.6s,37,37,37,0,2,-205,4.84
641,24d11m4.5s,15d46m57.5s,30,28,30,90,4,4,1.78
642,24d11m4.7s,15d47m10.8s,29,29,29,0,4,43,1.84
643,24d11m5.0s,15d46m44.6s,28,26,27,90,4,-4,1.96
644,24d11m5.3s,15d46m30.9s,38,36,37,90,4,18,2.31
645,24d11m5.6s,15d47m1.2s,33,33,33,0,4,20,1.82
646,24d11m6.0s,15d46m2.3s,85,85,85,0,4,173,3.35
647,24d11m6.1s,15d46m45.4s,32,32,32,0,4,4,1.99
648,24d11m6.1s,15d47m11.6s,29,28,29,90,4,58,1.91
649,24d11m6.5s,15d46m8.2s,65,62,64,90,4,139,3.14
650,24d11m6.7s,15d46m6.0s,33,32,33,90,4,154,3.23
651,24d11m7.0s,15d45m58.2s,155,155,155,0,4,206,3.54
652,24d11m7.2s,15d46m30.3s,42,40,41,0,4,35,2.4
653,24d11m7.3s,15d47m7.0s,32,29,31,90,4,51,1.92
654,24d11m7.3s,15d45m34.0s,229,229,229,0,2,-226,4.57
655,24d11m7.4s,15d46m59.6s,44,41,43,90,4,29,1.91
656,24d11m7.5s,15d46m10.2s,26,26,26,0,4,132,3.09
657,24d11m7.7s,15d47m17.1s,53,50,52,0,4,96,2.06
658,24d11m7.8s,15d47m24.2s,37,37,37,0,4,125,2.22
659,24d11m8.0s,15d46m8.7s,37,34,36,90,4,145,3.16
660,24d11m8.1s,15d46m13.4s,177,116,157,40,4,116,2.99
661,24d11m8.1s,15d47m1.7s,15,12,14,0,4,42,1.94
662,24d11m8.1s,15d46m39.4s,18,18,18,0,4,23,2.2
663,24d11m8.2s,15d46m40.5s,16,16,16,0,4,23,2.18
664,24d11m8.3s,15d47m3.7s,25,24,25,90,4,46,1.95
665,24d11m8.4s,15d46m38.7s,19,19,19,0,4,28,2.22
666,24d11m8.6s,15d47m0.0s,26,25,26,0,4,40,1.96
667,24d11m8.9s,15d46m32.6s,32,32,32,0,4,43,2.4
668,24d11m9.0s,15d47m2.9s,25,25,25,0,4,50,1.98
669,24d11m9.0s,15d47m17.9s,20,20,20,0,4,110,2.14
670,24d11m9.3s,15d46m58.0s,46,44,45,0,4,46,2.0
671,24d11m9.4s,15d46m50.5s,42,36,40,90,4,33,2.06
672,24d11m9.5s,15d46m56.3s,26,25,26,0,4,46,2.01
673,24d11m9.5s,15d47m1.1s,45,45,45,0,4,50,2.0
674,24d11m9.5s,15d46m44.9s,28,28,28,0,4,34,2.15
675,24d11m9.5s,15d47m11.3s,37,32,35,90,4,84,2.06
676,24d11m9.5s,15d46m20.8s,513,487,504,90,4,88,2.78
677,24d11m9.5s,15d47m15.6s,33,32,33,90,4,102,2.12
678,24d11m9.9s,15d45m39.7s,40,40,40,0,2,-235,4.38
679,24d11m10.3s,15d46m9.2s,23,23,23,0,4,156,3.21
680,24d11m10.3s,15d46m38.4s,36,34,35,0,4,44,2.31
681,24d11m10.5s,15d47m2.7s,32,32,32,0,4,63,2.05
682,24d11m10.6s,15d47m12.5s,29,28,29,0,4,96,2.12
683,24d11m10.6s,15d47m7.9s,172,112,152,-20,4,81,2.08
684,24d11m10.9s,15d46m49.6s,66,62,65,90,4,46,2.14
685,24d11m10.9s,15d46m42.6s,111,106,109,0,4,46,2.25
686,24d11m11.0s,15d46m54.2s,74,73,74,0,4,53,2.1
687,24d11m11.0s,15d46m37.2s,40,36,38,90,4,53,2.36
688,24d11m11.0s,15d46m32.9s,30,29,30,0,4,60,2.47
689,24d11m11.1s,15d46m50.7s,29,29,29,0,4,48,2.13
690,24d11m11.2s,15d46m32.1s,26,25,26,90,4,63,2.5
691,24d11m11.4s,15d46m40.1s,36,34,35,0,4,50,2.31
692,24d11m11.4s,15d46m57.8s,22,20,22,0,4,63,2.09
693,24d11m11.5s,15d46m6.8s,57,57,57,0,4,178,3.33
694,24d11m11.5s,15d47m2.3s,34,33,34,0,4,71,2.09
695,24d11m11.6s,15d46m11.3s,25,24,25,90,4,151,3.17
696,24d11m11.9s,15d47m0.7s,69,66,68,0,4,69,2.11
697,24d11m12.3s,15d46m39.2s,52,50,51,0,4,59,2.37
698,24d11m12.6s,15d47m10.2s,46,45,46,90,4,105,2.19
699,24d11m12.6s,15d46m51.6s,32,30,31,90,4,63,2.19
700,24d11m12.8s,15d45m37.3s,50,50,50,0,2,-202,4.54
701,24d11m12.8s,15d47m34.4s,34,32,34,90,2,-96,2.68
702,24d11m13.0s,15d46m32.9s,66,58,64,90,4,75,2.55
703,24d11m13.1s,15d47m13.0s,46,44,45,90,4,118,2.24
704,24d11m13.1s,15d45m38.6s,55,55,55,0,2,-205,4.49
705,24d11m13.3s,15d47m2.1s,29,26,28,0,4,85,2.18
706,24d11m13.5s,15d46m58.3s,34,32,34,90,4,82,2.19
707,24d11m13.9s,15d46m29.2s,28,28,28,0,4,93,2.68
708,24d11m14.1s,15d47m34.6s,30,30,30,0,2,-89,2.73
709,24d11m14.1s,15d46m57.5s,30,30,30,0,4,87,2.22
710,24d11m14.2s,15d46m50.8s,28,28,28,0,4,75,2.27
711,24d11m14.4s,15d46m39.3s,32,29,31,0,4,77,2.46
712,24d11m14.5s,15d45m43.8s,36,36,36,0,2,-218,4.31
713,24d11m14.6s,15d46m59.3s,56,53,55,90,4,91,2.23
714,24d11m14.7s,15d46m47.6s,124,119,123,0,4,79,2.33
715,24d11m14.8s,15d46m27.4s,58,56,57,0,4,104,2.76
716,24d11m14.9s,15d46m31.1s,53,32,46,40,4,97,2.67
717,24d11m15.4s,15d46m45.0s,81,79,80,0,4,85,2.4
718,24d11m15.4s,15d45m39.7s,25,25,25,0,2,-193,4.5
719,24d11m15.9s,15d46m33.7s,79,74,78,90,4,98,2.64
720,24d11m15.9s,15d46m32.2s,32,29,31,90,4,102,2.68
721,24d11m15.9s,15d46m41.2s,30,30,30,0,4,90,2.49
722,24d11m16.4s,15d45m40.0s,29,26,28,0,2,-187,4.51
723,24d11m16.4s,15d45m40.9s,24,21,23,0,2,-192,4.47
724,24d11m16.5s,15d47m2.1s,20,19,19,90,4,111,2.32
725,24d11m17.1s,15d46m29.0s,45,45,45,0,4,121,2.81
726,24d11m17.3s,15d46m54.2s,159,153,157,90,4,108,2.38
727,24d11m17.4s,15d45m23.4s,37,37,37,0,2,-100,5.23
728,24d11m17.5s,15d47m17.4s,22,21,22,90,4,169,2.49
729,24d11m17.9s,15d47m20.6s,85,83,84,0,2,-149,2.56
730,24d11m17.9s,15d46m10.7s,217,138,191,90,4,200,3.39
731,24d11m18.0s,15d46m39.1s,93,86,90,0,4,108,2.61
732,24d11m18.3s,15d47m34.2s,19,19,19,0,2,-66,2.88
733,24d11m18.6s,15d45m45.2s,65,65,65,0,2,-194,4.35
734,24d11m18.8s,15d47m33.5s,23,23,23,0,2,-68,2.88
735,24d11m18.9s,15d46m46.4s,82,63,76,90,4,115,2.53
736,24d11m18.9s,15d45m53.9s,39,39,39,0,2,-210,4.03
737,24d11m19.0s,15d46m25.1s,63,61,63,90,4,146,2.98
738,24d11m19.3s,15d46m46.9s,28,28,28,0,4,119,2.54
739,24d11m19.3s,15d45m44.8s,34,34,34,0,2,-187,4.39
740,24d11m19.5s,15d46m23.2s,41,41,41,0,4,156,3.05
741,24d11m20.1s,15d45m55.9s,66,53,62,0,2,-204,3.98
742,24d11m20.4s,15d45m47.5s,77,74,76,90,2,-186,4.31
743,24d11m20.5s,15d46m27.2s,46,46,46,0,4,152,2.98
744,24d11m20.7s,15d45m50.7s,121,121,121,0,2,-191,4.2
745,24d11m20.8s,15d46m40.8s,21,21,21,0,4,132,2.7
746,24d11m20.9s,15d47m16.1s,16,15,15,0,2,-155,2.62
747,24d11m20.9s,15d46m24.4s,40,40,40,0,4,163,3.07
748,24d11m21.2s,15d46m10.9s,50,32,44,20,4,222,3.49
749,24d11m21.3s,15d45m55.7s,25,25,25,0,2,-194,4.03
750,24d11m22.0s,15d46m18.0s,196,169,187,90,4,196,3.29
751,24d11m22.2s,15d46m40.9s,22,21,22,0,4,144,2.76
752,24d11m22.2s,15d45m20.6s,29,29,29,0,2,-52,5.45
753,24d11m22.4s,15d46m36.0s,243,233,240,90,4,151,2.86
754,24d11m22.6s,15d45m48.6s,26,26,26,0,2,-172,4.33
755,24d11m23.0s,15d46m42.1s,38,37,38,90,4,151,2.77
756,24d11m23.2s,15d45m56.9s,225,217,222,0,2,-181,4.04
757,24d11m23.6s,15d45m53.9s,117,117,117,0,2,-170,4.16
758,24d11m26.1s,15d45m53.8s,34,34,34,0,2,-149,4.24
759,24d11m26.4s,15d46m55.8s,44,41,43,90,4,188,2.79
760,24d11m26.7s,15d47m12.8s,26,26,26,0,2,-129,2.85
761,24d11m27.1s,15d47m1.6s,41,40,41,90,2,-168,2.81
762,24d11m27.9s,15d46m51.4s,34,33,34,90,2,-189,2.88
763,24d11m28.0s,15d46m55.5s,44,42,43,90,2,-179,2.86
764,24d11m28.8s,15d47m10.6s,25,25,25,0,2,-121,2.92
765,24d11m29.5s,15d46m47.1s,36,34,35,90,2,-186,2.99
766,24d11m30.0s,15d46m0.7s,51,51,51,0,2,-141,4.12
767,24d11m30.9s,15d45m30.6s,96,96,96,0,2,-36,5.25
768,24d11m31.1s,15d46m49.0s,58,56,57,90,2,-168,3.05
769,24d11m31.9s,15d46m47.0s,77,77,77,0,2,-166,3.1
770,24d11m32.1s,15d46m43.7s,69,53,63,60,2,-170,3.15
771,24d11m32.9s,15d46m22.6s,94,94,94,0,2,-167,3.58
772,24d11m33.1s,15d45m28.3s,33,33,33,0,2,-8,5.4
773,24d11m34.0s,15d46m48.0s,89,79,86,0,2,-146,3.19
774,24d11m34.4s,15d46m25.4s,47,47,47,0,2,-157,3.58
775,24d11m34.4s,15d45m29.4s,28,28,28,0,2,-7,5.39
776,24d11m34.6s,15d46m42.8s,45,45,45,0,2,-150,3.27
777,24d11m34.6s,15d45m31.5s,38,38,38,0,2,-16,5.31
778,24d11m35.4s,15d46m50.0s,34,34,34,0,2,-129,3.23
779,24d11m35.5s,15d46m21.8s,33,33,33,0,2,-145,3.71
780,24d11m35.9s,15d45m28.9s,48,48,48,0,2,5,5.45
781,24d11m36.6s,15d45m31.3s,28,28,28,0,2,-4,5.37
782,24d11m37.7s,15d45m28.9s,42,42,42,0,2,16,5.5
783,24d11m38.2s,15d45m48.7s,51,51,51,0,2,-39,4.79
784,24d11m39.8s,15d45m38.9s,254,228,245,0,2,-4,5.19
785,24d11m40.5s,15d45m44.6s,34,34,34,0,2,-12,5.01
786,24d11m41.1s,15d45m48.0s,28,25,27,90,2,-13,4.91
787,24d11m41.2s,15d45m46.9s,28,28,28,0,2,-13,4.95
788,24d11m41.4s,15d45m43.6s,34,32,34,0,2,-4,5.07
789,24d11m41.8s,15d45m45.9s,34,34,34,0,2,-7,5.0
790,24d11m42.2s,15d45m48.9s,34,25,31,90,2,-4,4.91
791,24d11m42.4s,15d45m47.5s,33,32,33,0,2,-3,4.97
792,24d11m42.5s,15d45m51.2s,33,33,33,0,2,-8,4.85
793,24d11m42.8s,15d45m42.5s,48,45,47,0,2,8,5.15
794,24d11m43.3s,15d45m46.0s,33,33,33,0,2,5,5.05
795,24d11m43.3s,15d45m49.0s,17,17,17,0,2,5,4.95
796,24d11m43.5s,15d45m50.2s,20,20,20,0,2,0,4.91
797,24d11m43.9s,15d45m51.3s,18,18,18,0,2,4,4.89
798,24d11m44.1s,15d45m45.7s,44,44,44,0,2,12,5.08
799,24d11m44.2s,15d45m50.7s,13,13,13,0,2,6,4.92
800,24d11m44.3s,15d45m43.9s,21,20,21,90,2,17,5.15
801,24d11m44.6s,15d46m1.5s,34,34,34,0,2,-31,4.6
802,24d11m44.7s,15d45m51.4s,16,16,16,0,2,9,4.91
803,24d11m44.8s,15d45m40.5s,53,53,53,0,2,25,5.28
804,24d11m45.0s,15d45m44.5s,16,15,15,90,2,20,5.15
805,24d11m45.2s,15d45m42.2s,58,56,57,90,2,28,5.24
806,24d11m45.4s,15d45m48.4s,134,104,124,60,2,23,5.04
807,24d11m45.9s,15d45m44.2s,21,20,21,0,2,28,5.19
808,24d11m46.0s,15d45m52.9s,30,30,30,0,2,12,4.91
809,24d11m46.0s,15d45m48.8s,31,31,31,0,2,24,5.04
810,24d11m46.3s,15d45m46.0s,42,42,42,0,2,31,5.15
811,24d11m46.3s,15d45m41.4s,19,15,17,90,2,38,5.3
812,24d11m46.4s,15d45m51.0s,18,18,18,0,2,22,4.98
813,24d11m46.6s,15d46m1.0s,34,34,34,0,2,-14,4.69
814,24d11m46.8s,15d45m43.9s,33,33,33,0,2,37,5.23
815,24d11m47.0s,15d45m33.9s,74,74,74,0,2,66,5.58
816,24d11m47.7s,15d45m35.4s,58,58,58,0,2,66,5.55
817,24d11m47.7s,15d45m47.2s,34,34,34,0,2,42,5.15
818,24d11m47.7s,15d45m45.0s,33,33,33,0,2,43,5.23
819,24d11m47.8s,15d45m53.4s,37,36,37,90,2,24,4.96
820,24d11m47.9s,15d45m38.8s,34,34,34,0,2,56,5.44
821,24d11m48.0s,15d45m42.3s,41,41,41,0,2,52,5.33
822,24d11m48.1s,15d45m45.9s,31,31,31,0,2,46,5.2
823,24d11m48.3s,15d45m40.5s,25,24,25,0,2,56,5.39
824,24d11m48.7s,15d45m37.6s,63,63,63,0,2,68,5.51
825,24d11m49.2s,15d45m41.2s,16,15,15,90,2,63,5.4
826,24d11m49.3s,15d45m36.4s,27,27,27,0,2,78,5.57
827,24d11m49.7s,15d45m42.3s,21,21,21,0,2,65,5.38
828,24d11m50.8s,15d45m41.9s,28,26,27,90,2,75,5.43
829,24d11m51.1s,15d45m40.2s,40,37,39,90,2,80,5.49
830,24d11m51.6s,15d45m46.2s,24,21,23,0,2,77,5.32
831,24d11m52.1s,15d45m41.5s,33,32,33,90,2,87,5.48
832,24d11m52.3s,15d45m48.6s,19,19,19,90,2,77,5.26
833,24d11m53.0s,15d45m50.0s,25,25,25,0,2,77,5.24
834,24d11m53.2s,15d45m44.5s,38,37,38,0,2,90,5.42
835,24d11m54.5s,15d45m45.8s,26,25,26,90,2,102,5.43
836,24d11m56.0s,15d45m44.5s,34,33,34,90,2,115,5.52
837,24d11m58.8s,15d45m54.7s,30,30,30,0,2,103,5.31
