493.2296247525278 1133.1516078989232 3.9177277179236043
538.0511374072075 1141.798749486932 14.038524322559581
487.30502938857944 1120.4405687072892 3.9177277179236043
694.5346823967811 1186.3122331120067 6.8560235063663075
545.2194810926976 1130.018059175511 4.0809663728370875
728.0357544581548 1191.7962776453826 3.9177277179236043
648.7192451672263 1161.9525797202318 5.386875612144956
740.5117440687768 1194.4207751215642 5.223636957231472
493.1660490578861 1104.346157045665 6.52954619653934
518.9651025771436 1109.9036267173553 5.060398302317989
622.6949915107766 1143.8407705774605 34.11687887691805
640.1016519105265 1143.4637954415298 5.713352921971922
552.0059249203091 1111.382424619963 26.607900750897812
493.94462293933066 1086.400897067302 8.161932745674175
532.1413162088402 1097.4325618286414 6.03983023179889
776.4855386075988 1182.5765091154672 4.897159647404505
664.5983061354746 1134.1558276074286 4.733920992491021
556.4812707131414 1093.8239892213858 3.1015344433561864
525.7564711266291 1080.7162760062195 5.060398302317989
537.155261580172 1081.029675447582 3.9177277179236043
549.014301751924 1085.348321519713 6.03983023179889
788.5845530822555 1167.7943461918255 5.060398302317989
678.0046446263291 1123.6873860341184 3.7544890630101206
530.3835919181947 1068.0101615364931 4.407443682664055
813.3064074443951 1171.040717828805 6.366307541625857
492.0351236499123 1052.126175846411 6.52954619653934
828.2501948105376 1166.8886209210825 33.30068560235063
545.6358540037727 1063.010990330796 4.570682337577538
879.6916021283664 1183.7029554914175 4.897159647404505
535.5493122883545 1056.4595960841962 5.060398302317989
824.4799977607072 1158.7997777991952 6.03983023179889
935.1431807988915 1189.505324187975 6.03983023179889
533.8650131361524 1034.7392143341497 10.120796604635977
518.0790761939088 1028.0311203668489 3.9177277179236043
922.2118661919344 1172.3238639254366 2.9382957884427032
852.7517737573733 1147.0289369315212 3.7544890630101206
563.2139882898578 1025.279471501403 6.8560235063663075
978.6672188811353 1172.7353121146036 4.733920992491021
964.3453056757364 1164.641544270789 7.182500816193274
529.9528905313496 1000.6946179723627 5.8765915768854065
562.5285384344184 1008.7198853996622 4.244205027750571
580.3954485524159 1012.3481568943916 4.733920992491021
624.2915370487517 1023.5365213764321 3.9177277179236043
508.8593076639736 979.5813362174591 5.223636957231472
570.6957314167103 1002.0999907364389 23.506366307541626
586.251543499849 1006.8054613883556 3.9177277179236043
551.2913724234104 992.155374575994 4.407443682664055
567.3857840850887 998.0163942453202 2.7750571335292196
480.5239559727056 962.5467262317666 4.244205027750571
485.6064017606068 964.3975745483971 4.407443682664055
550.6793477064675 983.2978070163745 6.203068886712373
1000.2456750760614 1145.0952597225707 4.0809663728370875
594.805561061853 996.4887948137794 3.591250408096637
564.3892361948692 982.5340073005498 5.8765915768854065
491.00224698981674 954.8496324114647 11.100228534116878
546.140426218979 972.0507915615655 3.591250408096637
940.3384495003604 1114.6444618022963 7.019262161279791
925.7080615755265 1107.3977682564562 8.488410055501141
537.5179082404061 964.1137234384519 5.713352921971922
546.6056006590757 965.5043220368735 3.1015344433561864
568.9380071260648 972.6775904442907 4.407443682664055
1108.294210081865 1167.1733634108155 3.9177277179236043
503.4831613223123 946.9224137320582 2.611818478615736
581.7224714561617 974.4550136223897 6.203068886712373
559.2382899903987 962.4294242862297 2.7750571335292196
1188.0758938128358 1190.4705918112545 5.713352921971922
1113.8418303098629 1162.477742202754 5.386875612144956
572.8698286184303 964.5153221838721 4.733920992491021
547.7660743984129 954.4140063027655 3.9177277179236043
582.8045953351284 966.2143955017489 4.0809663728370875
524.434818634661 942.0799422470424 4.244205027750571
1068.5649926589413 1139.2736378283003 3.9177277179236043
1059.017050522009 1133.8777925990903 4.407443682664055
1103.911988315092 1150.2269527293088 14.365001632386548
515.5038259366529 934.9899484219033 21.057786483839372
577.6487244087698 956.6615286428888 6.692784851452823
1122.93444745046 1153.3166246456071 5.8765915768854065
596.1325839655983 958.5956515417776 5.8765915768854065
1045.0819618963762 1122.0872528439425 5.8765915768854065
528.9835895659107 932.2235253908028 8.81488736532811
628.9383567278255 968.6235422844809 4.244205027750571
1084.6643290424538 1134.5829413421463 5.8765915768854065
1012.4328888548498 1106.3599668744132 3.1015344433561864
1039.0006668117665 1115.0756088790258 4.570682337577538
567.1802828354598 943.2551901520342 3.1015344433561864
1074.5777873270215 1128.0315470954188 4.244205027750571
589.2825644433447 948.4258352440671 2.7750571335292196
482.0126033189854 908.4024715774591 6.03983023179889
1110.8502071414773 1136.4436391025038 4.407443682664055
1093.1399967441807 1127.1159723809487 3.4280117531831538
570.2650300298105 934.7844471722888 2.7750571335292196
1096.3765189373448 1123.4975503298378 3.591250408096637
1083.1318048890791 1117.7148805208622 2.7750571335292196
1257.6291102734563 1181.260672725086 13.05909239307868
1108.005434249992 1125.8135730865847 7.019262161279791
478.3991059898567 894.6142332287463 4.897159647404505
1131.880214314157 1128.7514700041293 2.285341168788769
625.0996592614656 942.2809644647955 3.1015344433561864
1152.2883473260392 1133.3051656572723 42.442050277505714
1100.9252898685404 1113.6411334735787 29.546196539340514
523.529093363918 902.4143005187607 5.550114267058439
1087.1419762417752 1106.7029146470852 3.26477309826967
1129.4956911408801 1122.1266506189786 3.26477309826967
1093.4583209074167 1105.1654657718173 2.4485798237022527
1111.2468811650444 1111.6434348800137 1.632386549134835
1092.6895964697185 1102.007293439004 4.0809663728370875
600.926253921627 919.0867095341771 2.1221025138752854
1091.1521475944708 1095.6909487733078 5.060398302317989
1120.2611484453105 1105.3320149362255 4.733920992491021
1049.4153821341815 1078.5730642054457 3.26477309826967
1128.5017665660057 1106.4141388152123 37.54489063010121
1108.1719834144003 1099.010745548691 4.244205027750571
1105.2488606625989 1091.2303771462584 8.651648710414626
456.6984231273723 854.0916677587434 2.7750571335292196
540.6371284880333 881.7809673696479 6.8560235063663075
1219.7605906108902 1127.175069043547 4.407443682664055
1166.3949098379535 1107.741161718938 11.916421808684296
1172.094305064725 1107.8978614396194 3.7544890630101206
1161.3908139103828 1103.040615788949 1.9588638589618022
1097.0131672637772 1079.5965371116836 1.632386549134835
1128.124791430001 1089.007478415497 10.120796604635977
1162.9331875075584 1098.8052442990763 3.1015344433561864
1160.3919646136349 1097.879820140771 1.4691478942213516
1152.76829593181 1095.1035476658353 1.305909239307868
1167.4770337169202 1099.500543598297 4.407443682664055
1137.2908337090412 1087.5483794004517 1.7956252040483185
1118.963673872874 1079.9148612748456 3.4280117531831538
1032.870570198095 1047.6033655941944 4.0809663728370875
455.7828484128677 835.52945834151 4.244205027750571
1041.11118831879 1048.685489473181 4.244205027750571
1165.4009852630786 1092.0286499151716 2.9382957884427032
1159.858289757023 1086.1725549677928 1.9588638589618022
1103.1043117921881 1065.5047487654435 1.4691478942213516
1166.9433588602542 1087.7932784252991 4.0809663728370875
400.34111918610415 808.6236573339039 1.4691478942213516
466.7213891481483 831.8376111520847 3.26477309826967
1023.5576776421549 1033.6584275249086 2.4485798237022527
1059.1347981574102 1046.6143657413013 7.6722167809337245
1162.4778625112774 1084.2482815127394 2.4485798237022527
1149.233148463051 1078.4656117036554 1.7956252040483185
1159.3980400387995 1082.1673083368964 16.16062683643487
1048.7397817225426 1040.910045792548 1.632386549134835
498.9885623318755 840.70995287727 3.9177277179236043
461.17869364207763 825.9815162045777 5.060398302317989
1170.4883557729077 1083.3277820762337 3.4280117531831538
1167.7170080198252 1080.3997346025244 1.305909239307868
1179.0374486130377 1083.5628316572459 1.632386549134835
460.17984434532946 820.8207205563997 6.366307541625857
440.69713549169865 813.7258020093134 4.733920992491021
1076.6198084175303 1043.3876929919038 4.733920992491021
1067.9189405785723 1038.300322482129 5.550114267058439
1059.7566723181537 1034.368500989764 2.7750571335292196
1099.0305647448356 1047.7112637858343 3.9177277179236043
522.1729678187126 837.6399798485342 3.9177277179236043
1219.3934649186324 1088.6649763326552 3.1015344433561864
448.86432847399055 807.1059073460901 6.692784851452823
477.9733293248305 816.7469735090078 3.1015344433561864
1170.6499802154424 1067.076670693928 3.591250408096637
1151.475746081301 1059.134677848887 4.570682337577538
440.7804100739572 800.324388240386 6.52954619653934
1093.8746938184916 1038.1583969271023 4.0809663728370875
418.7564783264029 792.3040455349945 3.9177277179236043
1133.9956605431087 1051.8096344427158 10.120796604635977
1069.079414317855 1027.2100067480014 4.407443682664055
1087.176449294972 1032.840901558243 5.060398302317989
1153.0964695388468 1052.0496087455472 2.9382957884427032
1020.1058047556005 1003.6190777937817 3.4280117531831538
1091.5685205055456 1028.683879928593 6.203068886712373
1289.245306654887 1099.711415259669 3.4280117531831538
1520.883414583865 1180.2282417549088 3.4280117531831538
1159.030914346596 1043.6572156260243 4.897159647404505
1143.3233272646833 1034.099424045365 4.733920992491021
1067.4734650260377 1002.6399273846156 8.978126020241593
1028.5080473188304 988.4500902904626 3.7544890630101206
461.81534196851044 782.0805029864234 9.957557949722494
448.57062792018996 776.297833177428 5.223636957231472
378.95876048689524 746.1505852546612 4.244205027750571
1120.1487712216472 1016.0659647629442 4.570682337577538
399.59701835793567 752.7069042232082 6.03983023179889
1066.3228407305016 992.6268108075668 4.244205027750571
468.13661135602524 769.9913379555674 5.223636957231472
1080.8798035168384 992.1714858112857 5.550114267058439
1145.2574501635522 1015.6155644885905 3.9177277179236043
407.764211340188 746.0870095600933 2.9382957884427032
1149.2626967943206 1015.1553147703819 6.52954619653934
427.0167953346604 751.1793047917758 2.611818478615736
390.90107524085124 737.0678175578453 8.488410055501141
1022.2799019573204 966.0344092412149 2.611818478615736
1140.023229376863 1008.9123952430892 2.285341168788769
1165.7439330358043 1017.3195625282666 5.713352921971922
1274.477917896954 1055.9572523183408 19.09892262487757
1124.5457671541087 1001.3572269778338 2.7750571335292196
389.5937512246678 732.7540962076419 4.733920992491021
1074.4166085743507 978.304897602242 1.632386549134835
397.06564490771916 730.6780477538348 9.631080639895528
1137.486931204773 997.435254929304 4.244205027750571
1232.9762020176963 1030.2902749102943 4.0809663728370875
391.8314241210837 723.9748785083532 3.591250408096637
1354.107826629191 1074.4021597899286 4.0809663728370875
403.15186471429615 727.1379755630744 7.345739471106758
1151.1184698328984 999.5211528268578 9.631080639895528
1057.9402970547796 965.5889336886609 7.998694090760692
1107.6875557766598 981.7863188201255 2.1221025138752854
1217.2686149357837 1020.7324833296348 5.8765915768854065
1275.1781419180284 1040.8616899534447 10.610512569376429
1281.1076620039041 1043.0210129895102 5.550114267058439
1191.0876615586876 1008.3200694137089 2.4485798237022527
1058.096996775441 959.8895384619435 8.81488736532811
1137.8003306461355 986.0364644757609 4.244205027750571
1300.7470705781966 1044.4165363098793 9.79431929480901
1122.861468001867 979.6368452278953 4.733920992491021
1017.8242550520506 941.3859800175869 7.998694090760692
1671.7656130945056 1179.5284634237184 9.141364675155076
1646.9703335939628 1168.580073244529 5.8765915768854065
1249.153888261579 1022.7498808106734 3.1015344433561864
730.7444178963483 833.9633525146326 14.038524322559581
376.97583605901946 704.1738454915405 3.7544890630101206
1058.023571637038 952.1875199197335 3.4280117531831538
919.4118614872966 900.7505916339084 3.4280117531831538
1274.9529417808515 1028.307350482492 4.570682337577538
1203.798700750287 1002.3954740496866 2.7750571335292196
1312.532685611491 1041.0331638397806 5.060398302317989
400.54214140374916 707.9588167070597 11.589944498857328
1365.6682415252692 1058.4644478489856 6.203068886712373
1220.2799369917316 1004.5597218076797 1.7956252040483185
1184.4726916173722 989.6011602759028 3.1015344433561864
1014.2107577228674 927.5977416688544 6.03983023179889
1636.810366739994 1154.3266604557884 3.591250408096637
1074.3530328796546 949.499446748964 31.994776363042767
1577.8236406006706 1131.886355797159 6.366307541625857
1361.8196946151083 1053.2253023404573 9.30460333006856
1228.290430253362 1003.6392223711738 6.03983023179889
1503.050977519143 1102.7379571711208 7.182500816193274
971.9353926841322 909.324308083494 7.345739471106758
938.3608954842614 896.1382450079968 5.386875612144956
1198.7211796843133 989.9929095774878 8.161932745674175
1243.6161174773965 1006.3420697077063 5.713352921971922
1324.7051252246051 1033.9530194583685 4.570682337577538
1369.908537737069 1049.4551052905927 4.0809663728370875
1365.1345666686573 1046.7571826760075 2.4485798237022527
1039.6279113842475 926.300267096418 1.632386549134835
963.391224565836 898.537542347002 5.8765915768854065
1728.3776655043678 1174.240516386168 5.223636957231472
1715.132951456102 1168.4578465771926 4.570682337577538
1616.8723328900821 1132.6747791223652 3.591250408096637
1252.6303847576232 1000.0306497640265 3.1015344433561864
972.5572668448758 897.0784433319567 4.244205027750571
1237.691522113394 993.6310305160525 3.9177277179236043
957.3882793415569 888.6762007687266 6.692784851452823
1227.374855538818 985.0770129540489 5.550114267058439
782.9693238174561 822.2807109511244 11.916421808684296
1325.9439488242188 1020.0130061108821 7.835455435847209
1629.19654750197 1130.4469556696959 7.345739471106758
792.2871410952844 825.6739328649501 3.591250408096637
1272.348143192232 998.5764754709087 2.7750571335292196
1219.8295367172698 979.4510428657348 33.30068560235063
1241.8534684648241 987.4713855711265 2.7750571335292196
987.1925794915435 893.7734207223168 2.7750571335292196
1252.635309479497 989.4789336084382 7.345739471106758
1731.0021629805497 1161.7645267755463 3.26477309826967
974.8732896016227 885.4495280193092 3.9177277179236043
799.2987850601123 819.5926377802464 6.52954619653934
961.0899759748174 878.511309192924 7.835455435847209
1756.2626169212679 1166.1664474298273 5.386875612144956
1215.2906152298353 968.2040274109455 15.997388181521384
1185.1044152219167 956.2518632132085 6.52954619653934
1626.4301244708154 1116.967192040418 3.26477309826967
1226.072456244508 970.2115754482572 4.407443682664055
1243.3224169235962 975.533995539044 3.9177277179236043
1233.1575253477936 971.8322989057833 2.4485798237022527
1121.652192733562 930.2665616419998 5.713352921971922
1006.7585629273785 887.4669255004562 4.897159647404505
1328.9552708801666 1003.840244588927 4.244205027750571
1223.3794583517567 964.4338303611894 3.9177277179236043
1351.596152066537 1010.1664386983499 3.4280117531831538
1106.5615550905593 919.014621465283 2.1221025138752854
1796.3885083677583 1169.2659687898526 7.508978126020241
1010.3035598399777 883.001429151371 3.7544890630101206
1209.6744945853222 954.6459139213371 2.611818478615736
1354.52419954032 1007.3950909452334 5.8765915768854065
1241.3247183300853 965.2124042425601 1.632386549134835
1813.9469437662815 1173.741314582665 3.1015344433561864
1830.8884297259347 1179.9108089714261 29.382957884427032
778.2835520531216 795.6296584120039 9.79431929480901
1351.7528517872381 1004.4670434715242 2.7750571335292196
1117.9603455441024 919.3280209066457 1.632386549134835
795.5335127322098 800.9520785027908 5.713352921971922
1648.5373308005737 1111.586120976863 15.507672216780932
1052.8139744597447 892.725769896547 9.467841984982043
810.5507252367549 804.502000137278 13.54880835781913
1721.155595567983 1136.1123235331543 4.0809663728370875
1236.3989722628457 957.6621606992123 4.244205027750571
1249.9521610305464 962.5977562102134 5.713352921971922
1188.1157372778644 940.0791016912534 4.0809663728370875
1795.776483650776 1160.4084012303415 4.897159647404505
1201.1303264670257 943.859148184845 4.897159647404505
1300.8549687698758 978.2565417630304 3.7544890630101206
441.07455631760695 665.1547015334381 3.7544890630101206
786.9893446139529 790.1653127661904 7.998694090760692
1263.8921743780527 963.8365798097731 6.203068886712373
1387.5650218835249 1008.8738888477326 3.9177277179236043
1084.3124232058283 898.4399392889386 5.060398302317989
1020.2432512785492 874.1487863136593 14.691478942213516
1106.6448296727633 905.6132076963362 8.488410055501141
1271.285718200773 964.6102289693247 6.203068886712373
805.7033290298857 794.1020589804632 2.4485798237022527
1277.8321877255732 965.0754034094607 6.366307541625857
1039.2657104139173 877.2384582299576 1.9588638589618022
1214.9185648157584 940.2456508556618 8.488410055501141
1638.7641885264106 1093.6359362766807 4.0809663728370875
1157.0873876938444 917.2667466184931 5.550114267058439
1240.9477431940809 947.8057438428448 8.651648710414626
443.082104354879 654.3728605188735 3.591250408096637
1789.08316384913 1144.539189705894 4.733920992491021
1288.4622537414186 962.2306305180099 3.9177277179236043
1652.1656022953375 1093.719210858939 2.9382957884427032
949.9410092679016 837.9936684448486 1.9588638589618022
1250.6523850516207 947.5021938453175 2.611818478615736
1798.709455846339 1147.0853373217253 3.4280117531831538
1201.2919509096002 927.608036802431 5.713352921971922
989.5233764139646 850.4893569429245 5.386875612144956
706.3704360286606 745.4561773352282 6.366307541625857
918.1390105243502 822.5748571947546 4.733920992491021
1636.2278903543602 1082.158795962787 8.978126020241593
966.500595369662 837.3082185893549 2.9382957884427032
1811.3421451776621 1144.0104395710814 14.528240287300031
384.02195307709826 624.2305373180147 4.897159647404505
436.00195997346736 642.2004209057592 4.407443682664055
611.3463396558732 706.0546878294379 3.1015344433561864
1297.476521021685 955.9192105742218 3.4280117531831538
1233.4073490944604 931.6280575989622 5.060398302317989
1656.0974237877028 1085.5569425985204 4.407443682664055
1263.902023821814 942.7331474987246 7.345739471106758
1562.0721767116638 1051.316248740908 4.897159647404505
1645.08545791398 1081.5467712458444 2.285341168788769
1351.997750811977 974.8145183202716 4.0809663728370875
1243.8807153896978 934.4826799342484 2.285341168788769
950.7930082877494 827.7504270086953 5.060398302317989
1795.6345580957495 1134.452647990422 8.978126020241593
1704.9976082116084 1101.4458530105499 5.386875612144956
1211.1532924878015 921.6050915781863 11.426705843943845
703.7557879962937 736.8287346348214 6.52954619653934
1691.2142945847493 1094.507634184145 4.244205027750571
1222.7822078004488 923.921114334933 5.223636957231472
1038.1200108402688 856.6736254974485 2.4485798237022527
937.6266440998543 819.1180595862527 5.713352921971922
1723.7115926275808 1105.3825992247146 5.550114267058439
382.2543793426921 615.9115693369149 3.1015344433561864
1717.2434729631655 1102.0677271712393 4.570682337577538
1379.569302787569 978.1392398174934 5.386875612144956
1546.7514142095565 1038.061685248807 8.325171400587658
1639.929586987621 1071.9939043869845 4.0809663728370875
1220.6278094863308 919.2989182651863 1.7956252040483185
1536.5865226337542 1034.3599886155464 2.285341168788769
1229.4070271855653 921.5365911615825 2.4485798237022527
966.8139948109706 825.909428135792 3.26477309826967
1029.4974928616814 848.7365573742069 5.223636957231472
1644.4734331969828 1072.689203686205 5.223636957231472
1404.2128072893777 984.2353090678317 3.1015344433561864
1215.62371355876 914.5983723351972 5.8765915768854065
746.3445524764313 743.7033777665305 2.9382957884427032
1653.8696003350879 1073.2327279866524 8.651648710414626
1672.5052348907438 1080.0191718143037 1.9588638589618022
1226.097079853944 917.4529946704637 2.611818478615736
1012.6343567623592 839.717365372087 4.733920992491021
1098.805810297469 869.1791634393794 5.550114267058439
1258.9028526161712 927.480885413167 7.835455435847209
860.7779325644065 782.4977672773057 7.345739471106758
1357.1634711821368 963.2639528679747 6.203068886712373
1286.3177048710077 936.5050021371949 7.182500816193274
1648.0184301095426 1068.2237073372282 4.733920992491021
1109.5876513121418 871.1867114766912 1.7956252040483185
1075.7046793928357 858.8477226991686 7.345739471106758
1720.9451695964262 1091.9028355954367 6.03983023179889
1787.0169648390893 1115.9638637116118 2.611818478615736
695.9852690375542 718.6484250754265 3.591250408096637
1250.2803346375833 919.5438172899253 1.9588638589618022
1676.6671812422132 1073.8595268692693 16.487104146261835
827.0516603658014 764.4593832729574 1.9588638589618022
1637.701763535006 1059.6696897751162 4.570682337577538
967.9744685503078 814.819112401684 3.26477309826967
1127.8413860099056 871.1182110600873 3.4280117531831538
1295.5620970103785 932.1962055087909 8.978126020241593
1058.1511687161858 843.8206607507681 3.1015344433561864
1716.6363729680568 1082.65844345614 9.957557949722494
1286.9395790318054 924.2591373856771 4.407443682664055
749.0473998128898 728.3776905425302 4.733920992491021
1313.1988822692324 933.8218536882445 3.591250408096637
968.7481177098396 807.4255685790176 5.386875612144956
868.2547509693313 769.8700026679103 2.611818478615736
1246.896962167519 907.7582022567049 19.262161279791055
704.2308118801375 709.178832798953 4.570682337577538
1735.737181963795 1082.8984177589714 6.03983023179889
1762.8435594992507 1092.7696087809934 7.835455435847209
853.3942381854326 760.6206858065776 2.611818478615736
832.2173807359068 752.9088178206409 7.182500816193274
1337.3821370528717 935.9126763077061 2.9382957884427032
1650.2610277278861 1048.8927734823708 6.692784851452823
912.7677889045758 779.3642185538936 2.7750571335292196
753.8262956032836 720.5238970015665 10.610512569376429
1854.1758086825384 1121.2325575515379 3.7544890630101206
748.2052502368426 717.5174996675264 6.366307541625857
1711.3287270429244 1068.2532556685371 4.244205027750571
1836.6957231443457 1113.907514145367 5.223636957231472
1692.6930924873225 1061.4668118409056 3.9177277179236043
1650.956327027033 1044.3489272730435 5.223636957231472
1728.0400881434732 1072.4201267419144 1.1426705843943845
1005.4857119643777 809.2911910612828 2.9382957884427032
764.9166113373915 721.6843707409037 2.9382957884427032
812.6612467438333 738.1118807314529 3.9177277179236043
1001.5588151939401 806.9017431661326 3.1015344433561864
841.2316480161337 746.5973978769609 1.9588638589618022
1211.7115909539427 880.5537759732822 2.285341168788769
1321.8312496916603 920.6554895002209 4.407443682664055
831.1451063007014 740.0460036302333 8.651648710414626
1304.6596388729029 912.4833717960755 7.019262161279791
1834.0810751119648 1105.2800714448322 15.8341495266079
863.6424043434392 750.9209686708914 6.52954619653934
759.4522656915976 712.9785781800183 5.386875612144956
1632.7858669115672 1031.0160139206116 2.7750571335292196
1263.461472991153 896.5210362456229 3.1015344433561864
745.0520026259226 707.7345079495819 1.9588638589618022
1733.5877083714563 1067.7245055337248 2.9382957884427032
1331.5358915492002 920.3519395026938 5.060398302317989
1596.6701468177182 1016.9045266867896 4.897159647404505
1718.6488457272417 1061.3248862858788 3.7544890630101206
655.0320021805974 673.0335643737412 2.9382957884427032
843.9295706307585 741.8234268084407 62.193927522037214
1664.7445653757654 1040.7354299438603 2.285341168788769
1285.563754599038 901.691681337656 3.7544890630101206
1786.4931394261846 1083.1531662275654 7.182500816193274
1723.8096413754197 1060.326036989131 3.591250408096637
1701.7857096279197 1052.3056942837588 3.1015344433561864
1605.5277143773378 1016.2925019698469 2.4485798237022527
1873.511667259269 1112.923439014293 2.7750571335292196
1878.5941130471704 1114.7742873309235 2.4485798237022527
822.2924634629699 730.1063121917158 2.4485798237022527
1887.373330746405 1117.0119602273198 2.611818478615736
1558.7085031292013 997.323769085374 8.488410055501141
1393.2988901634935 935.1685754795719 7.835455435847209
1659.2802197299864 1032.029637383103 2.4485798237022527
1756.6937639979776 1067.5042301184756 3.26477309826967
1275.5555627438969 892.2905894776778 4.897159647404505
845.2418193688295 735.5854320031838 2.9382957884427032
875.197894517644 745.5349728855367 3.1015344433561864
1339.3946098120175 914.5791191375533 4.733920992491021
1698.8625868761035 1044.5253258811986 2.9382957884427032
975.4611363990334 781.0879154811317 1.9588638589618022
1321.375924695325 906.0985267138644 2.7750571335292196
912.2390387697833 757.1052372253072 2.7750571335292196
1875.6709902953544 1106.9939189283632 9.79431929480901
1314.0607307329353 902.4751799409541 2.7750571335292196
884.5940616557882 746.0784971858756 2.285341168788769
1358.10859422799 918.5158653517178 2.9382957884427032
1249.6830840862215 879.0311012636494 2.611818478615736
1651.504776049373 1024.4010439792962 2.9382957884427032
1013.6578296685968 792.119580242491 2.285341168788769
826.7628845338743 723.0995929487069 12.895853738165197
855.0248110867396 732.4321843921895 4.0809663728370875
1681.7693259176226 1033.5035105636746 2.7750571335292196
849.4037657202991 729.4257870581495 40.48318641854391
1763.3969332434249 1062.2700093317662 3.591250408096637
1311.0592581207488 897.5445091518608 2.7750571335292196
1672.2213837807444 1028.1076653344846 5.8765915768854065
1029.2919916120125 793.9753532810291 1.632386549134835
1745.0697734072035 1054.6364912061404 3.9177277179236043
795.807960088312 707.9892564181762 4.897159647404505
1258.6190015061716 875.5693789333479 4.407443682664055
1663.8289906612217 1022.1732205267353 2.9382957884427032
1416.483295650331 932.0986024508359 5.713352921971922
834.0046533578216 719.0209211795155 3.591250408096637
1410.015175985916 928.7837303973608 3.1015344433561864
843.3224706356496 722.4141430933413 3.9177277179236043
880.593739746854 735.9870307486042 6.203068886712373
1730.5177353427548 1044.5401000469612 3.9177277179236043
1323.9220723111366 896.4722347167095 4.570682337577538
769.3968818520968 693.574219186738 5.8765915768854065
995.8741941328428 775.0898949787063 7.6722167809337245
939.9672904659824 754.730563495792 4.244205027750571
862.344929771057 725.5038150095312 5.386875612144956
1767.0202800163547 1054.9548153693222 8.81488736532811
1808.8353953369751 1069.2230023238258 3.4280117531831538
1434.4285556286593 932.8771763322067 39.99347045380346
1759.7050860539648 1051.3314685964122 6.692784851452823
1662.0614169268154 1013.8542525456355 4.0809663728370875
1329.161217819685 892.6236878064944 0.9794319294809011
890.6852061841989 731.9867088396354 2.285341168788769
1675.3844808354659 1016.7872247412722 5.713352921971922
1718.5852700325458 1032.5194354326009 3.7544890630101206
933.6558705222287 745.7162962155994 5.060398302317989
1653.6690238073465 1007.919807737906 2.7750571335292196
744.758302072122 676.9264337809198 1.9588638589618022
751.5348964559723 679.3942315364204 3.9177277179236043
1334.9389629067873 889.9306899138171 2.1221025138752854
1427.5785361063124 922.7073600345848 8.978126020241593
1562.263349485562 971.7548404252402 3.26477309826967
1670.6888596273302 1011.2396045133087 6.03983023179889
1883.6129831403757 1087.8196847942759 2.1221025138752854
1759.0930613369287 1042.4739010368812 13.385569702905647
1794.6701818522379 1055.4298392532937 6.03983023179889
1667.9175118742482 1008.3115570395995 8.325171400587658
905.550643690025 730.6843095453995 1.7956252040483185
1348.8789762542933 891.1695135133766 3.26477309826967
1653.8257235279934 1002.2204125110607 3.26477309826967
1770.183377071076 1043.63437477611 1.7956252040483185
857.0372838459248 711.0986272219285 3.9177277179236043
1341.8722570113387 886.699092442492 3.591250408096637
839.5571983077323 703.7735838157574 3.591250408096637
1737.2258293100754 1028.7541631046638 6.203068886712373
933.3523205246672 736.0116543579858 4.244205027750571
915.0251606885001 728.3781362323798 4.244205027750571
1681.0888007841108 1006.3922083063653 5.550114267058439
1644.1260063922873 991.972246353108 2.611818478615736
864.8176522484112 708.1755044701467 9.631080639895528
1746.62199644818 1029.297687405111 4.733920992491021
1422.5010150403386 910.3047955623858 5.550114267058439
1646.4371044271609 990.895047196049 5.713352921971922
740.6845550247303 659.1329488014189 2.611818478615736
1548.7934353000655 953.4178311452921 3.7544890630101206
1691.9489916590603 1005.5500587302986 10.610512569376429
726.2842919590007 653.8888785709628 2.7750571335292196
858.7363571637618 701.1638605053383 7.6722167809337245
834.1712025222841 692.2180936416414 3.1015344433561864
754.5462185119202 663.2214700144652 4.570682337577538
1671.927683226944 997.2995911658223 6.366307541625857
1805.765422308219 1046.0385968370426 3.9177277179236043
1249.5460832531762 842.5236318681812 4.0809663728370875
1381.689673738394 890.6456881004917 2.1221025138752854
1629.0353687492848 980.7203061763912 2.4485798237022527
1736.075205014539 1018.741046527615 10.447273914462944
1433.9781553541977 907.7684973902618 5.8765915768854065
1367.3677605330492 882.5519202566968 3.9177277179236043
1719.7506684937564 1010.8774035429045 9.957557949722494
924.6563774076367 720.3725676926424 4.733920992491021
1395.9381618053496 891.037437402205 5.060398302317989
1685.637571715346 996.5357914499978 6.03983023179889
748.7733981466913 655.3627517515542 5.223636957231472
1751.709366958009 1020.5968195661728 4.570682337577538
868.2108741622369 698.8576871923185 5.386875612144956
739.7640555882981 651.1224555397541 4.570682337577538
1727.761161755347 1009.9569041065071 3.26477309826967
1578.1374857318826 954.5098044680058 4.897159647404505
1699.0389854842733 996.6190660322561 3.7544890630101206
1444.0696217915574 903.7681754814209 5.060398302317989
1693.956539696372 994.7682177156257 9.631080639895528
1256.6360770782956 833.5926391702272 1.4691478942213516
1239.155991540103 826.2675957640563 2.1221025138752854
1743.4736735591873 1008.962979531598 9.141364675155076
1720.0640679350647 999.4786130893417 5.223636957231472
1665.3127132856682 978.5806820279078 5.386875612144956
1649.2183016239896 972.7196623585816 4.0809663728370875
1305.3061366430823 847.4789262667446 6.366307541625857
1805.9270467507936 1029.7874854546287 3.26477309826967
841.9564956466834 678.7432547341632 2.611818478615736
699.1094140070695 625.7639528511625 7.835455435847209
1763.3432069925298 1012.3611261673313 2.611818478615736
1637.4376113125688 965.5513186730919 4.897159647404505
861.2874295014863 680.985852352487 2.285341168788769
1401.7208316143253 877.7927233539393 11.426705843943845
1735.7765797388654 998.484688514541 2.611818478615736
1541.7965655008575 927.8439777632309 4.897159647404505
1679.869676072005 978.1253570316267 7.508978126020241
689.6398217304672 617.518410008594 5.550114267058439
1334.5718372145834 851.4205972029449 2.9382957884427032
1724.534489005984 992.471893846461 5.386875612144956
1638.9799849097444 961.3159471832194 2.611818478615736
1702.5105572584296 984.4515511410692 7.345739471106758
1446.6941192676854 891.2921858707793 4.0809663728370875
1729.0783352153458 993.1671931456817 3.4280117531831538
1689.5743179295991 977.821807034119 3.26477309826967
1425.2871369590555 881.5776945694583 3.4280117531831538
611.5572113172793 584.2864148915451 2.611818478615736
840.5757464920428 666.7275148417301 3.9177277179236043
1780.28961767411 1007.9789044005241 2.1221025138752854
1820.1021096792922 1022.4772162141122 4.0809663728370875
1662.8547649739487 964.2538441006554 3.591250408096637
852.20466180469 669.0435375984769 6.203068886712373
1720.455817236758 985.23012502244 3.7544890630101206
1650.995724802197 959.9351980285245 4.244205027750571
868.2990734663683 674.904557267803 22.526934378060723
845.4280674208394 666.5757398429764 2.7750571335292196
1290.989148159611 828.8334422673614 1.9588638589618022
758.4878894480862 633.95576944289 3.7544890630101206
1761.4238582593496 999.1898372574888 26.93437806072478
736.7724324199125 625.088352439504 4.244205027750571
1728.6964353574533 986.3122489014266 1.632386549134835
2195.2042486867545 1154.2791959964038 3.591250408096637
1856.6830042131833 1030.0422339232227 3.9177277179236043
813.3959438181444 649.1543052776065 2.7750571335292196
844.7376928434728 660.567869896804 4.244205027750571
1699.43565950784 971.8188618097661 2.4485798237022527
1475.2694452619132 889.2259868607189 4.733920992491021
859.7549053480725 664.117791531311 4.897159647404505
1445.7001946928106 875.5796740670131 2.285341168788769
740.934378771397 618.9287074945977 3.9177277179236043
1294.0738953539621 820.3626992876161 3.7544890630101206
938.072565342238 688.8006938081558 3.26477309826967
1678.7239764983963 957.5605242990093 5.060398302317989
1328.0352171336385 829.8519904516718 3.4280117531831538
1638.1427600555705 939.9040401526274 9.141364675155076
1412.82099679218 857.8497647821 2.611818478615736
491.5126353066644 521.3821957355731 2.611818478615736
750.1787709107678 614.6199108661938 7.998694090760692
738.6282054584508 609.4541904960881 5.713352921971922
1491.6772563649001 883.6882160764823 3.591250408096637
1645.3061790191869 938.6750659967947 7.345739471106758
1744.7223466026019 973.9195338729547 4.0809663728370875
1663.7116887157242 943.4588865089338 21.547502448579824
737.6293561616881 604.2933948477822 2.611818478615736
1817.649086089446 997.5986621312717 2.285341168788769
775.5175747118167 616.172133907116 7.835455435847209
1507.1596433096213 880.691668186061 2.611818478615736
1487.4468095969403 871.5941263236102 6.52954619653934
734.7062334098719 596.5130264452218 4.407443682664055
1532.9586968288395 886.2491378578599 5.550114267058439
1671.0318073999874 936.5305171262557 5.713352921971922
781.6821443787244 609.782364102997 5.386875612144956
1572.0024643963777 897.5892773386543 4.0809663728370875
1518.4066587643906 876.1527466986809 4.0809663728370875
723.8509672567566 586.8034598658087 4.570682337577538
1914.2988306416669 1019.3633663782622 3.26477309826967
939.3163136637793 664.3089643051009 20.241593209271954
749.880145635133 594.3635528530115 14.201762977473065
1758.5155096731683 959.7543203882916 4.244205027750571
1933.0128150575997 1023.300112592535 2.4485798237022527
1735.1059040491393 950.2699539459468 7.6722167809337245
1503.0075464019528 865.7478808199385 2.1221025138752854
1835.6776206499787 984.9758222436955 7.345739471106758
740.4105533585712 586.1180100103347 11.916421808684296
1475.9795187268278 853.0269921845577 4.570682337577538
1460.732181363124 847.4744472346666 4.0809663728370875
1756.3611113590503 955.1321243185447 4.733920992491021
1409.3691239056254 827.810415050973 1.9588638589618022
1125.5992340815053 724.4713840392458 3.4280117531831538
1173.8824690665406 742.0544430472244 5.8765915768854065
813.02881812598 610.644212566626 6.52954619653934
1745.1190206261685 949.1193296504647 4.0809663728370875
667.9489883118235 555.8924122273258 3.26477309826967
1432.8570793900244 834.4450838798508 3.9177277179236043
752.117818531495 585.584335153703 10.610512569376429
1742.6561475925216 945.3442078787809 4.897159647404505
1484.6853112876197 847.5626465388525 2.1221025138752854
622.6721506609015 532.688307852872 4.570682337577538
797.1694560452793 596.2341000570957 4.733920992491021
1479.3727406406535 843.7091749067297 4.0809663728370875
1555.9179021785 870.6248253581712 1.9588638589618022
1519.8021820847057 856.5133381243687 7.345739471106758
1136.6944745374867 715.0801416229946 7.345739471106758
1336.6040088613704 787.8801754103702 14.691478942213516
1718.6345172514566 927.0022738769053 3.4280117531831538
1155.3301090931427 721.866585450646 6.366307541625857
1349.6185980505315 791.6602219039618 7.835455435847209
1426.242109448709 815.7261747420446 3.7544890630101206
669.2661617717677 539.1027012664808 9.30460333006856
574.7023151171898 503.7064583914587 5.550114267058439
1530.2804731018166 848.8162443040667 6.203068886712373
1160.956079181457 714.3212666290976 4.570682337577538
1345.0796765630973 780.4132064491725 2.611818478615736
1064.6980839308753 678.3080743151855 3.1015344433561864
1793.1819801958466 943.5963330318826 3.9177277179236043
1358.0942657522587 784.193252942764 6.366307541625857
1469.9080730859253 824.9119159085728 6.03983023179889
684.6701988561731 538.9558509895461 5.060398302317989
1781.939889462965 937.5835383638026 11.263467189030361
1523.0436289997035 842.343199917778 4.570682337577538
1558.6207495150127 855.2991381341906 3.4280117531831538
1502.483720989048 832.9371833358921 3.7544890630101206
1336.45715858447 772.4761383260391 3.7544890630101206
829.9850782512679 585.1585584887507 2.7750571335292196
1350.9357715104763 774.8705109431166 4.407443682664055
1682.4502967410929 894.6370519454131 4.0809663728370875
1522.6617291418258 835.488255673651 4.244205027750571
1071.1711283171785 671.0712302132006 3.7544890630101206
1283.2481775322888 747.3428357746242 4.407443682664055
1372.1909788204264 779.7326813156062 5.8765915768854065
450.5741426154218 444.1121865670342 4.733920992491021
808.1178462244147 571.4388205565333 4.897159647404505
901.2960190024792 605.3710396947106 6.366307541625857
1361.25736280698 772.8728123495517 4.570682337577538
1482.69746213791 816.1376229312117 5.223636957231472
1697.8543338254435 894.4902016684587 3.26477309826967
1344.9328262861973 765.0091693648413 3.26477309826967
748.0539209279584 546.687417863065 6.366307541625857
402.75608207048253 419.9826580343637 4.733920992491021
1297.266540740032 745.7319617609137 8.325171400587658
1489.860881101526 814.9086487753791 7.998694090760692
2228.2795440831956 1081.8959808099528 4.244205027750571
825.5245066241102 571.0618454205829 5.8765915768854065
1402.690578269614 780.2860550598888 13.54880835781913
864.7983990507528 584.4046082167614 7.6722167809337245
1664.436536346234 875.6047433662442 9.30460333006856
1813.8300875105942 929.0492196893613 1.9588638589618022
1681.6864970253223 880.927163457031 6.692784851452823
468.6761023143722 439.1913652217959 4.0809663728370875
1382.977744556933 771.1885131974379 1.305909239307868
739.2012780902269 536.7477264245475 2.611818478615736
449.810342899651 430.40229807865205 3.9177277179236043
1700.7089561607297 884.0168353732209 6.692784851452823
671.5136841119852 509.2200512560353 3.26477309826967
756.2994637705267 537.2178255864634 11.589944498857328
1448.6676399417038 788.394597069358 9.631080639895528
1441.8910455578532 785.9267993138574 13.54880835781913
906.5400892329153 590.9707766290353 4.0809663728370875
1856.497201851062 933.0741652077116 12.07966046359778
822.5279587338512 555.5794584759212 7.019262161279791
1367.5052070559982 753.0816287765745 5.713352921971922
1832.5489966484547 922.4342497480657 3.4280117531831538
1534.68731847804 813.0040742079078 4.733920992491021
659.1209690835672 493.1941400109064 9.467841984982043
1697.4039335510356 869.3815227265336 3.591250408096637
1797.3587007129508 905.7815396202116 6.03983023179889
1629.6379897124236 844.7035451714883 5.713352921971922
1601.145938300454 833.3683304126215 5.223636957231472
833.6966243283296 553.8902346017912 15.181194906953966
892.9918251870881 575.4834649624459 3.26477309826967
455.3628878495224 415.1549607150023 5.550114267058439
591.7418498247212 464.8193905445279 1.632386549134835
769.7058022613815 526.7493840131532 5.223636957231472
908.0873875519644 576.1836889835745 9.79431929480901
1451.370487278162 773.0689098453577 3.1015344433561864
1329.700263088128 727.8014759483135 3.7544890630101206
465.68447914598664 413.1572621215457 5.8765915768854065
1546.8597580911 805.923929826476 9.467841984982043
1687.4740915561713 857.1307332531771 4.897159647404505
1212.573885107456 683.2293413504901 2.7750571335292196
829.466177560276 541.7961448490076 2.9382957884427032
1681.6229213306658 852.1217126036446 6.203068886712373
798.4329032543828 529.5355059318356 3.1015344433561864
1816.9246841487857 899.475044398351 3.591250408096637
458.2175101848088 404.68159441976456 5.713352921971922
1676.31035068366 848.2682409716301 2.285341168788769
1541.0869377259253 798.0652115635847 4.897159647404505
1858.7397994693515 913.7432313528348 4.407443682664055
1589.3701727109064 815.6482705715437 5.060398302317989
1584.2877269230053 813.7974222549133 2.9382957884427032
488.4820600530584 413.7840610041428 4.570682337577538
1218.968579633468 678.8421948617554 32.15801501795625
412.01524837554234 384.01871293934266 3.4280117531831538
778.5682945428744 515.5856431406222 15.181194906953966
479.55106735505024 406.6940671790038 3.26477309826967
1852.9669791041374 905.8845130900519 1.4691478942213516
460.3768332208542 398.7520743339428 2.9382957884427032
813.9152901990251 526.5389580416308 2.285341168788769
1694.025485802845 847.044191537725 3.591250408096637
911.3288344670163 562.0135507770035 11.426705843943845
1546.0959583753297 792.2140413380939 4.897159647404505
1208.1133134803522 669.132628282342 4.407443682664055
1792.5945790882458 881.9801846945581 18.935683969964085
799.5933769937201 518.4451901977276 3.4280117531831538
1848.5798326154766 899.4898185640054 6.52954619653934
1675.7766758270482 836.560975798652 3.7544890630101206
1540.8617375886945 785.5108720926123 2.4485798237022527
1867.2938170314094 903.4265647782784 3.26477309826967
821.1570590230115 522.4602862723312 5.8765915768854065
473.3179972716125 394.83010228532453 2.9382957884427032
792.1264080324484 509.9695224960351 1.632386549134835
463.7700551346802 389.4342570561147 3.1015344433561864
476.78464432384135 393.2143035497063 5.8765915768854065
428.8098840582952 374.7841702437728 1.9588638589618022
1768.8814234666158 862.7911763947079 4.897159647404505
715.4294714958287 478.20155111585086 2.4485798237022527
1824.2497275549367 881.9949588602127 65.94841658504734
1448.995813548701 745.3406581491781 9.30460333006856
1602.3162614834985 801.1745823674454 5.550114267058439
1699.72980575149 836.649175102818 3.4280117531831538
808.6076442739472 512.1337702540478 3.4280117531831538
1196.8761474693442 652.5681174586739 3.9177277179236043
1174.8522157217897 644.5477747532823 1.9588638589618022
1225.6766736007487 663.0562579195662 3.591250408096637
1091.3003349409887 613.1617032309559 3.591250408096637
1689.334789316583 830.9448551541731 10.773751224289912
1851.4344549507628 889.0164522687677 7.835455435847209
402.090331102645 361.2162073103093 4.244205027750571
1880.5434558016027 898.6575184316855 5.713352921971922
796.2883543839719 503.8098775510206 7.835455435847209
524.3775047315489 404.7894926114044 2.285341168788769
1337.0302312162464 699.7696742544983 3.4280117531831538
1470.0208959994927 748.2002052062638 3.1015344433561864
1489.8120795725042 754.4480494553559 2.7750571335292196
1161.9943262533295 635.068333032865 4.244205027750571
619.0197012465123 437.33603787308743 14.038524322559581
781.9664411785734 495.7161097072059 3.9177277179236043
1191.1033271041692 644.7093991957827 6.366307541625857
1201.268218679972 648.4110958290435 6.692784851452823
1298.1431633693696 682.7301395469867 5.713352921971922
2160.464798715616 996.757403934904 3.9177277179236043
1843.9674859895451 880.5407845670949 4.244205027750571
793.5953564912206 498.0321324639525 8.325171400587658
1735.850450567212 840.2089461810519 19.262161279791055
535.5461703259875 403.10026873738286 2.285341168788769
1183.0194087040816 637.9278800900589 4.733920992491021
1210.9728605375117 648.1075458315162 3.1015344433561864
1632.81586093278 801.7279561116393 3.9177277179236043
1866.6083671759698 886.8669786765375 3.591250408096637
1541.6403114700993 767.5656121143577 7.345739471106758
810.0765927326652 500.19638022194556 3.4280117531831538
480.0260912388935 379.0441653431353 4.897159647404505
1504.1389174997366 751.9901011436907 6.366307541625857
1201.7333931200144 641.8646263043318 4.407443682664055
1299.9940116859802 677.6476937591395 2.7750571335292196
1708.2838233135474 826.3325085282615 2.9382957884427032
1346.0444984964731 693.4582543108186 5.713352921971922
459.1577085087488 370.48522305920415 7.182500816193274
1700.1999049134993 819.5509894224296 12.406137773424746
1197.0377719119188 636.31700607626 2.611818478615736
1489.5868794353275 741.8937099844031 3.4280117531831538
1187.489829774986 630.9211608470503 3.1015344433561864
1244.552282459256 650.741892751425 4.897159647404505
1284.364774464438 665.2402045650131 3.4280117531831538
628.7292678259801 426.4807717199917 4.570682337577538
1584.2290759502368 774.4402552460667 8.161932745674175
1470.1825204420275 731.9490938239583 40.80966372837088
1337.1918556587812 683.5185628721927 3.26477309826967
1295.6852150576503 668.4033016197344 4.0809663728370875
1209.283636663436 636.9388802370577 5.8765915768854065
1170.935168395099 621.0548945469554 5.713352921971922
1125.1931563040414 604.3972596973019 1.9588638589618022
816.3195122599036 490.95691280446806 2.1221025138752854
1203.202341578787 629.9272362722493 3.26477309826967
1424.2887333521965 710.4391380455618 2.7750571335292196
1047.6491454694465 572.3208135976826 2.9382957884427032
2165.787218806329 979.5074432558504 3.26477309826967
2039.573148406933 933.5447100595854 4.244205027750571
482.1119891365356 365.4126267151038 5.060398302317989
2051.20206371962 935.860732816224 3.7544890630101206
1851.601004115171 862.2136247308738 7.019262161279791
1701.9773280917066 806.7665250923725 3.26477309826967
2008.61822396141 918.4343735289464 7.998694090760692
1722.3071112432576 814.1699183588743 4.897159647404505
1099.7075022261854 587.44099957196 3.4280117531831538
1209.905510824234 624.69301548554 4.0809663728370875
1946.0130757710301 892.7575466771727 3.1015344433561864
1341.202027011477 672.5065969984155 2.4485798237022527
1204.2844654577932 621.6866181515 2.9382957884427032
487.65960936451893 360.71700550691423 2.9382957884427032
1718.4585643331513 808.9307728503654 2.7750571335292196
533.4016214555768 377.37464035656785 7.019262161279791
452.69943828813484 346.0669186945722 5.8765915768854065
500.1355989751414 363.341502983096 4.0809663728370875
1125.2764308862997 590.9958459283748 5.713352921971922
1281.4465764345098 646.9081200069925 3.1015344433561864
1193.6593241637277 613.9796748874512 5.713352921971922
791.2990326220363 467.45418315439474 5.550114267058439
476.49586849196885 351.85451322547544 3.591250408096637
466.33097691616604 348.1528165922148 6.52954619653934
1202.7470165824516 615.3702734858928 2.7750571335292196
1264.5834403351876 637.8889280048725 4.244205027750571
862.2231487934962 491.3634362718159 3.4280117531831538
1435.153848949073 699.0452723139265 5.060398302317989
2189.8970484515257 973.8962473332106 2.611818478615736
1168.6339198040807 601.0286613928776 4.897159647404505
1361.2282601655206 670.2053484073233 6.366307541625857
460.7882814100949 342.29672164470776 6.52954619653934
1345.133848503842 664.3443287379971 5.060398302317989
1835.0512674572115 841.7956422752108 7.182500816193274
1821.4980786894566 836.8600467641899 4.733920992491021
1551.0512527739327 736.4539879480794 8.81488736532811
1060.903708961513 557.0000510955014 3.591250408096637
526.3998269344956 362.35250313009465 25.62846882141691
1564.065841963094 740.2340344416709 4.407443682664055
509.4583409748425 356.1830087413334 6.8560235063663075
1320.4169188635365 650.5462409455375 7.345739471106758
1129.8252018175347 581.1394290720073 5.223636957231472
1137.7573452187946 583.0686272489684 2.4485798237022527
1219.9235521230821 612.9906750344499 4.407443682664055
1837.519065212692 835.0190478914145 8.161932745674175
793.0764558001895 454.6697188243179 3.1015344433561864
1949.1027476872546 873.7350875418392 5.060398302317989
1801.7118198382786 820.0604863596178 3.9177277179236043
1231.6308172960603 612.457000177838 5.060398302317989
993.9114142824722 524.9285297176814 6.366307541625857
477.196092513082 336.75895086047115 3.4280117531831538
1289.5403442783443 632.5862068015397 4.407443682664055
1556.6772228622467 728.9086691265312 3.4280117531831538
1037.4206781989874 539.8136661110353 3.1015344433561864
988.0602440569271 519.9195090682571 2.611818478615736
1942.7129778832095 867.5705178748972 3.591250408096637
763.5855550915114 438.1737084171649 6.52954619653934
1519.7927783308085 711.639009559935 3.591250408096637
504.997769347739 342.08629567318553 5.060398302317989
1476.9004638531096 695.0597245706122 5.550114267058439
2056.299283673156 906.0564326662176 4.897159647404505
801.2436487824814 448.04982416109476 8.81488736532811
1685.5892158762279 770.097431254384 3.591250408096637
1580.5520029264117 731.8465660440756 19.09892262487757
1567.615763597581 725.2168219371256 7.508978126020241
1051.2089165476807 536.2001687819604 7.345739471106758
1290.9309428767463 623.4985143829242 10.773751224289912
631.9071390463359 383.5051826601426 2.7750571335292196
2041.747245608707 895.9600415070385 4.897159647404505
749.1118668873391 425.22761964460733 6.52954619653934
725.4721364042061 413.7406298868784 2.611818478615736
1520.3363026312213 702.2428424217563 3.26477309826967
716.7712685652477 408.6532593771037 2.611818478615736
545.6622603727687 346.3413660506204 2.9382957884427032
1529.4239950499452 703.6334410201978 22.690173032974208
1048.2857937958645 528.4198003794 4.244205027750571
761.9746810777663 424.15534520934773 2.285341168788769
803.7897963983323 438.4235321638315 6.366307541625857
703.296429657878 400.86796625274394 5.386875612144956
747.652767872368 416.06157736553314 8.651648710414626
1485.454481415167 684.7430579960558 3.9177277179236043
1431.3200762045867 662.150978338653 5.550114267058439
1081.7868658572925 533.9038449127958 6.8560235063663075
780.2284157754905 424.0868447928523 2.9382957884427032
742.1884222265885 407.3557848047758 8.161932745674175
1507.0965133047896 685.9084564573006 3.1015344433561864
1112.6683651644519 541.3121629011167 4.0809663728370875
539.5075401497165 331.62770354360237 2.4485798237022527
752.1231889433263 409.0548581225439 2.7750571335292196
2364.414052723505 995.2351749151206 2.4485798237022527
1120.140258847503 539.2361144473095 2.1221025138752854
1115.0578130596016 537.3852661306792 1.305909239307868
1515.1853564267506 682.1382594074362 2.4485798237022527
1084.0245387537086 525.124627213507 3.4280117531831538
1105.5098709226695 531.9894209014694 1.632386549134835
548.4434575696123 328.16598121328116 2.611818478615736
543.3610117817111 326.3151328966509 1.632386549134835
735.646877423716 396.338894209071 1.632386549134835
1303.4951317915 602.1698819345906 6.03983023179889
1122.2995818835489 533.3065943614879 3.591250408096637
761.4459309429883 401.8963638808897 3.4280117531831538
708.0802501700514 382.4624565562806 7.345739471106758
1705.3951736149681 744.6901270367508 6.52954619653934
1230.4949671662523 570.7887351340638 4.897159647404505
1115.062737781475 526.8335499750908 4.244205027750571
1364.9496556862894 617.8335922092956 2.9382957884427032
519.6478561600811 307.12612459680054 3.26477309826967
1358.559885882205 611.6690225424619 5.550114267058439
791.0201062339104 404.99096051898744 2.4485798237022527
1084.724762774783 510.02906484861103 4.570682337577538
1364.5677558284115 610.9786479651686 19.425399934704537
1294.260589095876 585.375246251818 3.9177277179236043
1236.120937254527 563.2434163126238 6.03983023179889
1101.7445985947668 513.3488616240138 5.550114267058439
726.7991593079119 375.847486614985 3.26477309826967
764.9175027170907 389.728848989683 3.4280117531831538
1532.1366918302044 667.2043214850407 4.244205027750571
777.1633674686475 390.35072315037246 7.019262161279791
1617.4610710673396 696.3576448328981 3.7544890630101206
781.7855635383403 388.19632483623457 5.060398302317989
732.9637289747652 369.45771681084625 2.611818478615736
1151.4184321781895 521.8442282132487 3.4280117531831538
765.1525522981224 381.17975614949864 4.570682337577538
1530.3691180957585 658.8853535040491 3.7544890630101206
519.3492308844466 286.86976658361823 4.407443682664055
1136.7146191149525 506.8955161251987 7.998694090760692
744.8276938684448 363.22464672740864 4.0809663728370875
1343.0188479647547 575.3084034239282 6.8560235063663075
1237.7515101558738 535.0549148981273 39.34051583414952
1521.8298746994292 637.5468716118803 5.386875612144956
1594.9867390453237 663.2286231855617 3.9177277179236043
1139.2607667308037 497.26922412793544 10.610512569376429
736.0534008910836 350.43525767542417 4.244205027750571
1030.605131729931 455.781836724483 7.998694090760692
1129.1742250153318 490.7178298813162 5.550114267058439
1146.9627852729593 497.1957989895126 8.81488736532811
772.0173459861046 359.69442398048375 3.4280117531831538
1856.272447403735 754.5420648611487 16.8135814560888
1152.4320556405723 495.34987539478993 5.386875612144956
1172.7618387921777 502.7532686613114 2.1221025138752854
2240.38392896959 890.5843408552405 2.9382957884427032
1112.9280383548796 480.00448928324704 3.4280117531831538
787.1129083509809 360.39464800161227 5.713352921971922
1402.9359229842569 584.6557690330455 3.591250408096637
1494.7284218858074 617.1239644343782 4.570682337577538
1936.362605854235 776.9922189635247 2.1221025138752854
1287.273568740523 538.6979605586197 11.100228534116878
1179.695132896729 499.52167118998636 4.244205027750571
845.4092599130847 376.82708271400054 4.570682337577538
1548.7894019579846 632.0140255495712 4.570682337577538
1559.8013678317077 636.0241969022472 7.182500816193274
770.6365968314637 347.67868408805066 6.52954619653934
730.285505247743 332.02482325705296 2.9382957884427032
1145.3519112592144 483.1774357816953 3.7544890630101206
1084.1324369453484 458.96463266676653 7.019262161279791
1900.712060200483 756.3342622050106 2.1221025138752854
1514.2160554613115 613.6671668258764 8.325171400587658
1092.6815297854787 459.1996822477786 6.8560235063663075
648.8145976426022 297.5589292622441 3.9177277179236043
1099.458124169329 461.66748000327925 6.366307541625857
760.0898053977833 337.12204321066304 2.4485798237022527
1286.4314191643823 527.8377696837046 5.713352921971922
1165.2997945528878 483.72588480407 2.9382957884427032
1249.4686247725988 513.417807730339 4.244205027750571
1178.3143837420887 487.5059312975533 2.7750571335292196
1193.8701958252275 492.21140194946986 5.223636957231472
1437.827593644166 581.0521211476091 4.733920992491021
635.6482334547068 288.92656183980125 6.52954619653934
661.0604623941595 298.1808034229333 4.897159647404505
740.1468468259836 326.0218780326999 12.242899118511263
1499.9724921162833 602.7237013685947 5.550114267058439
1139.427315895212 470.46639659004165 2.285341168788769
745.5377673333198 327.0256520513559 2.7750571335292196
1510.5242082718519 602.7286260905222 13.875285667646098
1559.9629922742968 619.7730855199613 3.4280117531831538
1276.1931024501764 516.434054508234 6.03983023179889
1882.6982998056246 737.3019536258416 3.7544890630101206
1138.428466598464 465.30560094186364 25.301991511589943
675.0788256019564 296.5699294092427 1.9588638589618022
1547.8738272433866 613.4518161324265 4.407443682664055
1491.4283239979868 591.9369356321026 4.244205027750571
1208.5055084718952 488.9063793398301 1.9588638589618022
731.6026787076871 315.23511229620806 10.447273914462944
710.7342959775965 306.67617001229655 4.407443682664055
1506.9841360811258 596.6424062840192 7.345739471106758
539.086688206578 243.20872766840364 3.26477309826967
1347.1955684819131 537.4936100122768 13.712047012732615
1176.9336345874083 475.49019140522864 11.100228534116878
1109.476165468271 449.9651395521006 8.161932745674175
1944.6914232790616 754.1212129179958 1.7956252040483185
742.6929944418343 316.39558603543674 6.366307541625857
691.3299369843367 296.73155385174323 3.4280117531831538
1527.3922690931015 601.1961019370735 7.835455435847209
657.4469650650299 284.39256507422056 3.26477309826967
1151.9082302277614 462.539177910655 3.591250408096637
497.11979788722374 224.08821978504886 3.1015344433561864
1106.4746928561387 445.0344687630268 7.019262161279791
493.50137583616697 220.85169759190455 5.713352921971922
519.7606790736481 230.41441389449142 1.9588638589618022
673.0811270085001 286.24833811277836 5.223636957231472
1096.6182759997712 440.4856978317915 3.9177277179236043
1140.6661394948255 456.5263832425552 2.285341168788769
1021.8456129182043 411.33729920586165 7.998694090760692
1557.5050439625231 605.4462475926894 11.100228534116878
1724.6871553845108 665.368693024003 7.182500816193274
1533.2483640404803 595.6534064310179 3.4280117531831538
1527.6273186740398 592.6470090969779 2.9382957884427032
1519.4650504136755 588.7151876046325 2.9382957884427032
749.4745135475732 308.3116676354772 2.7750571335292196
1138.281616321564 449.90156385753255 1.9588638589618022
740.4651709891805 304.07137142367696 2.285341168788769
1511.6112568726921 583.9362918142929 5.386875612144956
1544.6471544940237 595.9668058723805 1.9588638589618022
1537.3319605316728 592.343459099362 3.7544890630101206
1517.002177380068 584.9400658328404 2.285341168788769
1103.6299199646535 434.40440274710784 2.4485798237022527
1320.4809402481362 513.3739309232249 6.692784851452823
1962.8717328383286 746.3506939592708 3.9177277179236043
1534.2521380591559 590.2624859236273 3.4280117531831538
1975.5778473080547 750.9778147508368 1.305909239307868
645.9796741949172 265.82543093516813 3.591250408096637
1522.1629730282998 583.9412165361122 16.976820111002283
1131.6617216583604 441.7343708751865 1.7956252040483185
2083.773232590719 788.4599555235211 9.467841984982043
717.7508646643523 290.0431587720244 5.060398302317989
732.9982020280022 295.5957037218959 6.366307541625857
1478.4235842526266 567.0534568273542 3.591250408096637
1154.3026028447848 448.0605649846292 2.4485798237022527
537.0939143349406 222.33542021633139 2.285341168788769
1473.1110136056209 563.1999851953398 6.03983023179889
1533.2532887624081 585.1016902754493 2.611818478615736
1539.4912835677187 586.4139390135404 3.4280117531831538
1185.4142270110087 457.47150628844247 2.1221025138752854
1121.0365803643488 434.02742761115735 7.508978126020241
678.3251972389362 271.8480750471032 1.1426705843943845
1114.5684606999337 430.71255555768244 3.9177277179236043
558.349121644851 227.1975905889293 2.611818478615736
1317.6361673566114 502.7438649074144 4.0809663728370875
742.4727190264916 293.2895304090041 5.386875612144956
1021.1601630627649 394.77771310412083 3.9177277179236043
747.555164814393 295.1403787256345 6.203068886712373
1161.2358969492966 444.8289675134124 4.244205027750571
1123.9646278380926 431.2560798581494 4.570682337577538
1407.1959180836195 533.4395618524474 1.4691478942213516
736.3130740814577 289.1275840575347 7.345739471106758
695.4233829192358 272.31817420901905 2.7750571335292196
1482.6638804644267 558.0441142689613 7.345739471106758
1127.739749609796 428.79320682444813 2.611818478615736
1355.60273576711 511.77290635328086 2.611818478615736
1296.3075349082976 490.17967599260646 2.611818478615736
1477.8899093959603 555.3461916543564 4.733920992491021
1419.4417828351761 534.0614360131367 3.26477309826967
2016.6291629129046 751.5361132169583 4.897159647404505
891.7144951921175 341.8816858032701 3.7544890630101206
1861.9230411014848 694.2381652618069 4.897159647404505
1119.3473564902731 422.8587620166991 6.52954619653934
779.1319634207532 298.0048505046477 1.7956252040483185
1514.392454069575 565.7609069768454 39.503754489063006
878.2396562846936 334.09639267889065 4.733920992491021
1104.7169685654935 415.6120684708786 3.9177277179236043
1847.6011278961403 686.144397418012 2.4485798237022527
1538.4190091325133 573.5511248231328 9.957557949722494
757.4948562529651 286.28773588792285 5.060398302317989
1020.3963633469946 381.0678246157387 5.713352921971922
1979.2844686632034 730.2612070195739 6.03983023179889
1163.8603944254785 432.3529779027905 20.07835455435847
505.683664893043 192.66812089944403 2.4485798237022527
1305.6302769079598 483.02118175095234 5.550114267058439
1484.3629537822637 548.1093475523713 3.7544890630101206
1210.757955533946 448.47201317390466 3.26477309826967
1491.139548166114 550.5771453078718 9.467841984982043
1404.7379697719 519.1127239251952 4.570682337577538
1511.7778060371938 557.1334642763104 3.591250408096637
1142.453412116834 422.63848660134136 4.897159647404505
1470.579640155444 541.1711287258579 11.263467189030361
721.2273611603823 267.3239277252494 4.407443682664055
1113.73123584576 409.3006485270905 5.386875612144956
1839.13530963816 672.5079340680331 4.897159647404505
751.8003857480669 275.5793200116532 6.52954619653934
900.038387895017 329.56239591330973 3.591250408096637
1692.899930806648 618.2947333072921 5.386875612144956
2309.878494457388 842.0172547602056 12.895853738165197
1158.70452349912 422.80011104393043 5.8765915768854065
1428.0741502575652 520.8950718252216 3.26477309826967
1506.0049856719256 549.2747460135079 3.9177277179236043
1706.761594293784 622.3832545203186 5.223636957231472
1122.8972781247605 407.8415495121536 6.52954619653934
1468.2734668425126 531.6966117274766 2.9382957884427032
1460.9582728800685 528.0732649545466 4.0809663728370875
1110.269513515365 400.36473110722875 4.570682337577538
736.7097481050241 264.32737983504467 3.1015344433561864
1639.1523501758334 592.005881738556 2.9382957884427032
1474.8199363672588 532.1617861675928 5.223636957231472
1375.7122435033184 496.0702439933501 3.1015344433561864
1494.3026452208355 539.2567047146596 4.407443682664055
877.6325562895847 314.68710896379105 6.366307541625857
1480.7494564531348 534.3211092036584 25.791707476330394
1227.474241356368 442.08716809169346 3.7544890630101206
1561.5299894809077 562.7791332522952 6.692784851452823
1882.5711484162866 679.6910519193054 2.7750571335292196
1134.3744184386737 405.30525134004915 4.407443682664055
1557.0644931319164 559.2341363396074 4.407443682664055
1856.928794617715 668.434187020661 3.9177277179236043
1402.3583713205505 501.9361883844758 5.386875612144956
1947.8742192212912 700.5939077025585 5.550114267058439
1119.435555794405 398.9056320921835 48.31864185439112
1537.8902589977206 551.2921434945465 3.7544890630101206
1333.7453531839642 476.94973610999534 4.407443682664055
1631.915506073814 585.5328373521787 10.936989879203395
1313.7240447518482 468.6992685455192 3.4280117531831538
1547.2864261358798 551.8356677950135 4.244205027750571
1510.0151570246214 538.2627801397307 5.8765915768854065
1526.1095686863 544.1237998090569 6.203068886712373
1394.2744529204629 495.15466927875207 10.447273914462944
1566.2305354109167 557.7750373246704 2.9382957884427032
1432.3927963296958 509.03603165347 3.9177277179236043
2331.447101208607 835.4806346792407 6.366307541625857
1646.1639941407157 585.9245866538722 7.6722167809337245
2317.663787581748 828.5424158528357 3.9177277179236043
1666.2636524331626 591.3253566049898 6.8560235063663075
1810.2662830901859 643.7660589094511 3.26477309826967
1613.2064463797146 571.044374982426 5.060398302317989
1542.8992796471791 545.4409732690754 8.978126020241593
687.9711881237081 232.18735804072935 3.4280117531831538
1474.3646113709628 517.604823381128 3.1015344433561864
1391.3513301686469 487.3743008761917 9.30460333006856
1522.109246777405 534.0323333716773 2.611818478615736
1651.1730147901594 580.0734164282729 3.591250408096637
1114.9749841673013 384.8089190240355 0.9794319294809011
1512.2528299210371 529.483562440442 4.570682337577538
1659.1051581914737 582.0026146052539 2.4485798237022527
758.1265798575091 252.93843882522856 6.366307541625857
1650.942889931055 578.0707931128889 5.550114267058439
1517.7221002887047 527.6376388457392 3.26477309826967
1122.4468778503528 382.73287057022844 4.244205027750571
1401.4427966060068 483.3739789673508 5.550114267058439
1544.906827684491 534.6591322544025 4.897159647404505
1655.0264864222086 574.7608457813412 2.285341168788769
1421.5424548984538 488.7747489184685 4.570682337577538
1160.9520458392972 392.9174610335933 10.610512569376429
739.7259948828455 237.6029021575015 4.897159647404505
767.6794467162754 247.78256789895852 1.9588638589618022
1507.1753088550238 517.0809979683514 1.9588638589618022
1488.0010747208678 509.1390051231822 5.386875612144956
1581.1792474989866 543.0712242613794 6.366307541625857
1203.384110598773 405.4914993920197 7.508978126020241
1527.8135667260497 523.6373169367703 6.03983023179889
1460.3560976068727 498.1122650837506 11.100228534116878
1512.0276297838066 516.9292229694696 2.1221025138752854
1257.058266091145 424.0783324186542 5.386875612144956
1516.5714759931682 517.6245222686903 4.244205027750571
1430.169897598954 486.16010088601354 4.897159647404505
617.8256458337469 190.33284494496468 5.713352921971922
1663.1153295441695 570.9906487314768 2.1221025138752854
1656.338735160319 568.5228509759761 1.632386549134835
1191.603420287352 398.3231557065301 2.285341168788769
1147.5555567922434 382.28247029574675 16.650342801175317
1123.83747644874 373.64517815148486 4.570682337577538
1418.9278068660726 480.14730621793353 5.8765915768854065
1196.7642159355842 397.3243064098017 2.9382957884427032
774.921215540262 243.7038961296588 3.4280117531831538
1535.9024098479713 519.8671198870142 5.713352921971922
1192.298719586553 393.77930949722247 2.9382957884427032
1865.184186904099 637.8611624330306 8.488410055501141
1504.3305359635388 506.45093195243237 3.26477309826967
1173.1244854524116 385.83731665218124 2.1221025138752854
1512.2626793647985 508.3801301293936 2.4485798237022527
1411.460837904855 471.6716385162608 5.713352921971922
759.5221031777846 233.299030251025 10.447273914462944
1130.5406456941478 368.41095736488387 2.1221025138752854
1202.003361444093 393.4757594996951 2.9382957884427032
1136.7786404994583 369.7232061029749 2.4485798237022527
1168.5072141045923 377.4399988107309 5.223636957231472
1402.2997203477823 462.57902137562917 6.8560235063663075
2077.7264105593063 707.5862984697624 4.733920992491021
1302.114828326763 424.176381166567 4.733920992491021
1523.2012201001185 504.68828293985973 4.897159647404505
1904.3846541922842 643.5019066869795 4.733920992491021
2086.814102977976 708.9768970681841 5.223636957231472
1178.7504555407256 378.291997830633 3.9177277179236043
733.1893748019002 216.03429540622813 10.773751224289912
1502.641312089463 495.28226635797387 3.591250408096637
2065.945720247831 700.4179547842531 5.060398302317989
1128.2344723812018 358.9364403663744 2.1221025138752854
2355.9536048773166 805.0692345340912 3.4280117531831538
1829.3818662516132 612.3508847456653 11.263467189030361
1937.8073763933817 651.8356488337338 23.506366307541626
1511.1904049295933 495.51731593898603 4.733920992491021
1191.843394590218 379.22234671086574 3.9177277179236043
1487.47232458609 486.880023794724 2.4485798237022527
1136.2449656427925 358.015940929977 11.100228534116878
1521.972245944266 497.52486397629775 4.897159647404505
773.4670412471787 223.9861376951244 12.732615083251714
1598.5174074821125 524.4405144277392 4.244205027750571
1145.9496075004258 357.712390932361 2.4485798237022527
1391.9096286348029 446.32298527141575 4.407443682664055
1585.042568574782 516.6552213032711 4.0809663728370875
1439.3457893217553 463.59756955991986 8.978126020241593
1461.4480709296406 468.7682146519527 3.7544890630101206
1175.753907650467 362.8096108859711 2.9382957884427032
1505.57428428508 481.95920244937736 8.978126020241593
1553.8575192700614 499.5422614573364 47.99216454456415
1594.5170855732176 514.3490479903596 6.203068886712373
1014.2711914551967 303.04386517531907 2.1221025138752854
1438.9638894638776 456.7426253157928 4.244205027750571
1691.3920302626696 548.6680917083227 2.4485798237022527
1132.3229935942284 345.0747768792386 3.7544890630101206
1453.981101968423 460.29254695028 3.4280117531831538
737.3562458752576 199.3229343057336 5.713352921971922
1684.6937857390958 543.3505963394435 3.9177277179236043
1578.809498491305 504.79125640970017 10.447273914462944
1012.9638674390135 298.73014382511553 3.26477309826967
1120.8507780022821 337.05935889566615 3.1015344433561864
1877.2881261006294 612.5272833538006 5.223636957231472
1692.08732956191 544.1242454989065 2.285341168788769
937.3441300595118 269.2732704796422 1.7956252040483185
1183.3041511938884 357.8838648186969 2.7750571335292196
2034.9222953857386 667.0538835559241 27.260855370551745
1409.7814634745805 439.39954061064543 3.1015344433561864
1372.5101943633763 425.82665295538243 4.0809663728370875
1545.6218258712395 487.9084214227614 1.632386549134835
478.30821041326226 99.23027493085772 2.7750571335292196
627.1631619990821 151.51920223656532 4.570682337577538
1445.7454085696013 448.6587069157051 4.897159647404505
1128.0925468262292 332.9806871264748 2.611818478615736
1407.9355398798577 433.9302702430324 2.285341168788769
1595.4474344533965 501.25610894084775 4.407443682664055
1434.50331783672 442.6459122476251 3.7544890630101206
2071.2730650605254 672.6162779496506 9.141364675155076
1859.5044905648358 595.4975980901243 3.7544890630101206
1189.7771955801377 350.64702071669205 5.713352921971922
1261.7785109086767 376.86737186893254 5.386875612144956
1128.787846125376 328.4368409171474 1.7956252040483185
1211.2625277491525 357.51181440467406 5.223636957231472
1442.8222858178394 440.8783385131644 5.060398302317989
1401.6241199361434 424.91600296273157 5.060398302317989
1206.797031400161 353.9668174919864 2.285341168788769
1033.4552750331934 289.88242570922307 2.285341168788769
639.8742011907361 145.59460687256274 10.773751224289912
1176.9193061116773 341.16757899627487 7.835455435847209
1871.5202304572886 594.1168489354295 12.242899118511263
729.6640767768486 178.29292713298003 2.9382957884427032
1130.3302197225912 324.20146942716644 1.7956252040483185
1422.879327246 429.7781733353097 1.9588638589618022
818.6852279253712 207.83307506062317 7.508978126020241
840.1705600943321 214.6978687485855 5.386875612144956
1683.8565608849224 521.9386893088516 4.244205027750571
1266.8658814184514 368.1665040299746 2.7750571335292196
1799.9840895688465 561.3500282584971 13.385569702905647
1424.7301755626106 424.69572754746264 2.4485798237022527
1519.9109716560592 458.39782182653573 14.691478942213516
1430.121096069947 425.69950156611844 2.285341168788769
1166.6809893973777 329.7638638208929 2.285341168788769
1171.2248356067396 330.45916312011366 3.4280117531831538
740.0640179336438 173.4455309261648 7.345739471106758
1595.6090588959855 485.00499755856174 3.7544890630101206
590.9789414887186 119.1539803050731 5.386875612144956
1564.0371850115384 471.58880962385194 7.345739471106758
1428.505297334314 422.2328545137616 1.632386549134835
1552.4866195592217 466.4230892537465 3.4280117531831538
1544.8629508773965 463.64681677881083 2.1221025138752854
1558.4161396450975 468.58241228981205 2.7750571335292196
1212.809826068241 342.7247267591049 6.203068886712373
483.78733022473034 76.28091902499818 4.897159647404505
1504.5118592936212 447.99295594779335 6.03983023179889
1433.3576182631111 422.0810795150077 2.1221025138752854
1037.3136713870613 274.0181389066835 8.81488736532811
2312.468964570183 737.4255173629238 5.713352921971922
1182.4718510615487 325.920241632625 10.120796604635977
1891.7815131923244 583.2665075042612 13.222331047992164
1221.7457434881371 339.2630044287838 2.7750571335292196
943.366774171353 236.92774743571226 4.570682337577538
1579.8280466756155 467.74518743567273 3.9177277179236043
2271.0406738293827 719.4605584971068 4.407443682664055
1554.7242924555983 457.6438715545661 2.611818478615736
2284.9023373165187 723.5490797101335 3.1015344433561864
1165.9955395419777 313.2042777190436 5.713352921971922
2306.466019345904 727.5641757846485 4.0809663728370875
1214.0486496679089 328.78471341163834 2.611818478615736
1199.1097870236401 322.3850941637727 3.1015344433561864
1155.1402733888622 303.49471113963045 2.7750571335292196
1568.512530804331 454.03037422538296 4.407443682664055
1177.4726798558515 310.6679795470478 3.26477309826967
1472.254535553749 418.01718191147097 2.285341168788769
861.8224414277554 194.75983489867372 8.81488736532811
1802.6918616272324 535.4726248789283 3.26477309826967
1563.8169095961953 448.4827539974193 2.1221025138752854
1647.9857398158667 478.1746769237966 7.345739471106758
929.7450849870684 213.73841722689326 4.407443682664055
1203.3500832354403 313.3757516053796 3.4280117531831538
1189.2582948892002 307.28460707696877 7.508978126020241
839.4949596826932 177.03485033568802 38.85079986940907
1970.1090226302517 586.8459774700574 15.017956252040483
1247.8631211705913 322.86996749145135 3.7544890630101206
1168.0080123011235 291.870720548891 2.9382957884427032
1805.0078843839792 523.8437095662808 2.9382957884427032
1450.0837535292947 394.59280212174804 2.285341168788769
1372.1529181149342 366.2131279334618 2.7750571335292196
1032.7845993433884 241.6676911408456 4.407443682664055
1890.4106134814847 550.1473353006713 9.141364675155076
752.7898312909172 135.86578709539742 8.488410055501141
1379.0862122194853 362.9815304621367 5.060398302317989
1207.977204027006 300.6696371356534 6.8560235063663075
1249.4838446281371 315.78489838811174 3.591250408096637
1223.5330161101451 305.37510778756996 6.8560235063663075
1253.4890912589594 315.3246486699227 1.7956252040483185
1589.2389879794487 436.6335632693946 11.589944498857328
1819.7215468910172 517.6889893431741 8.81488736532811
1458.329296371917 385.1232098451661 2.1221025138752854
514.5367534206243 36.63005146235116 6.52954619653934
932.4528570454545 187.86101384732444 4.570682337577538
1963.3422776902023 563.2747474033999 10.936989879203395
1608.4181468355177 434.02383995886737 4.244205027750571
1627.9792055494252 438.2690608925752 2.611818478615736
1637.297022827253 441.66228280640075 2.4485798237022527
1206.214555014488 281.79895299909333 2.9382957884427032
1593.1757341936873 417.91957885338786 4.0809663728370875
1634.6823747948722 433.034840105866 3.9177277179236043
1586.7076145292717 414.6047067999127 3.9177277179236043
1341.3645428338195 324.2999638649287 3.591250408096637
1623.7487587814257 426.1749711398114 6.692784851452823
1207.8352784720335 274.7138838957537 3.1015344433561864
1347.9110123585656 324.7651383050452 3.1015344433561864
829.5015419932265 135.97861000896467 3.4280117531831538
1582.9374174794416 406.51586367802565 2.9382957884427032
1874.9479254243113 510.9370185687593 6.366307541625857
861.3868153190215 137.99600749000342 3.591250408096637
1775.6884575615827 469.9931554656456 8.161932745674175
703.600871035193 78.61708635915681 6.8560235063663075
787.2311016763254 107.15346026812449 4.570682337577538
674.5702200446303 66.12632258286067 4.0809663728370875
1207.4583033360293 257.30722349603843 1.632386549134835
693.2842044606173 70.06306879715328 3.26477309826967
843.5248299229515 123.81601983970552 4.407443682664055
834.5154873645586 119.57572362790529 3.591250408096637
1304.641722744862 290.7791929160072 2.7750571335292196
1617.5206134198222 403.75929009065226 41.789095657851774
1225.3252134539875 260.9354949908761 27.260855370551745
1209.230801792309 255.07447532154993 1.7956252040483185
953.2625888028308 157.06278912240884 5.223636957231472
707.9195171073243 66.75804618740506 6.366307541625857
1200.9167585331566 246.29033290033374 2.9382957884427032
1360.2450764142147 301.43388254132753 3.591250408096637
1131.3048910998218 216.14308497767536 4.570682337577538
1902.4509769832796 496.0080053682717 3.4280117531831538
742.8062630452123 73.70611445762574 8.651648710414626
820.5069736005225 100.08316533054756 5.223636957231472
848.5387752943229 107.41313345853769 4.244205027750571
1361.9441497320372 291.49911582460936 4.0809663728370875
1861.1793859631805 472.3436512756289 5.8765915768854065
1384.8935056378969 296.97823563607756 6.692784851452823
921.5438646414439 128.2425641034763 6.203068886712373
1217.1727946373699 235.90024118735437 4.733920992491021
1740.973185509991 425.6905435020709 5.386875612144956
2192.7722610541277 589.2604946645665 1.9588638589618022
1753.9877746991524 429.4705899956623 5.550114267058439
1395.9838213720047 298.1387093754147 6.692784851452823
1403.6074900538297 300.9149818503504 3.591250408096637
840.6115566148969 94.93221912609658 2.7750571335292196
834.6820365290209 92.77289609003117 4.0809663728370875
1257.4504610826484 243.8520834762504 4.733920992491021
1599.1298778889986 367.3203211116597 2.7750571335292196
1383.4344066229255 287.812193357003 3.4280117531831538
1394.4463724967027 291.82236470969906 2.611818478615736
1418.7814022790762 298.7655082580119 3.4280117531831538
842.2322800723884 87.84715002273731 3.591250408096637
1499.6402851671805 324.37383469328995 4.407443682664055
1231.9648070047388 226.8958233508887 6.692784851452823
832.1457383569709 81.29575577613753 6.03983023179889
1449.4327767270916 304.171202931057 5.8765915768854065
1753.532449702817 414.9136272093058 7.019262161279791
1375.1987132240642 276.1783533225366 5.8765915768854065
928.7905581872642 113.6121761786967 5.713352921971922
1295.0351296351612 246.02618067795083 5.386875612144956
1741.599984392608 402.8929625949452 5.223636957231472
1461.21839176044 300.78783046097794 4.570682337577538
772.008387922057 48.842334540439765 10.773751224289912
1485.0148219642742 306.5754249918813 5.550114267058439
1416.7102785471227 280.74189841942643 3.7544890630101206
838.1585330250509 70.05366504325616 3.1015344433561864
1863.1184335838684 443.3080755632466 3.4280117531831538
1288.8020595517776 234.16221578429133 3.1015344433561864
1455.4455713951718 292.9291121981754 3.7544890630101206
1872.2061260025923 444.69867416168813 4.0809663728370875
1433.8084642274373 281.2119975814704 20.241593209271954
1859.8868361125778 436.374781458769 3.591250408096637
1713.959932000501 381.31450640005346 5.060398302317989
1351.4121324639916 249.28732648058485 4.0809663728370875
1414.9427048126768 272.42293043843483 5.550114267058439
937.8097501894581 96.74904007934003 5.060398302317989
1853.8838908882985 426.5134398804937 8.161932745674175
947.2842671878934 94.44286676642855 4.407443682664055
941.2029721032443 87.43122280162015 4.570682337577538
1477.4010027261565 282.69572020587725 20.731309174012406
1459.9209171879643 275.3706767997064 3.4280117531831538
2166.6893564248558 531.791518512929 8.325171400587658
1386.533927983005 247.6863019105325 4.897159647404505
1363.2026722192131 235.3522378549177 3.591250408096637
1877.3767710945713 422.5963925537832 2.7750571335292196
1864.9791313442802 417.1221974642426 5.060398302317989
1379.914033319762 239.51910892829483 4.897159647404505
1433.2797140926446 258.95301625288425 7.835455435847209
1652.9804319895402 338.0008942893518 2.4485798237022527
909.5576730803543 66.31301632480904 5.386875612144956
1407.0987607155482 246.54060233695816 4.570682337577538
1467.2410358722814 268.44230741704814 3.26477309826967
1393.006972369254 240.44945780852777 5.060398302317989
1660.6824505316958 337.9274691509289 6.203068886712373
1460.542791348762 263.1248120481888 1.9588638589618022
1886.6211632339566 418.2875959255073 5.223636957231472
1478.4880513270361 263.9033859295398 2.9382957884427032
1853.741965333272 400.5576866405743 7.835455435847209
970.860421976424 77.1244056707908 15.507672216780932
1879.7711437116488 408.11777962777705 3.9177277179236043
2253.6393838413705 543.3080566019669 5.8765915768854065
1461.0863156491744 253.7286449100103 3.7544890630101206
1472.7152309618218 256.04466766675705 5.223636957231472
1486.5768944489578 260.1331888797837 5.223636957231472
1709.6659095378056 340.41496579401144 2.611818478615736
1004.0530193184177 83.45552450216098 5.223636957231472
1321.1672814833437 197.97799527389293 8.651648710414626
950.9958132649551 63.17454287946907 7.508978126020241
1597.0833777664807 296.5381304952807 4.570682337577538
1887.6298619745057 402.3449592625285 4.244205027750571
1686.4130036344384 325.2312041249494 6.52954619653934
1435.6790114315954 233.9226871712898 2.285341168788769
1715.522004485278 334.8722702878672 5.713352921971922
1955.0139059551857 420.1679925734269 13.05909239307868
1319.1695828897937 187.65640397751736 2.611818478615736
2208.9060704908766 510.7077850894625 50.11426705843944
1306.7719431395024 182.18220888797669 4.570682337577538
1709.9793089791142 329.0161753404486 4.407443682664055
1326.024527134014 187.2745041195509 2.285341168788769
1311.0856644897453 180.87488487168525 1.4691478942213516
1653.3036808746494 305.4986715246322 5.550114267058439
1702.8208147374255 319.6934333407128 3.26477309826967
1335.4990441324499 184.96833080663953 3.1015344433561864
1869.7728013003086 377.61325545664215 15.017956252040483
1342.0455136571957 185.43350524675577 3.26477309826967
1644.7595127563532 294.71190578814026 3.591250408096637
1722.9988228902032 322.2445056784717 7.182500816193274
1374.0042121214485 195.1529212700242 3.4280117531831538
918.8951892456905 27.499373616409457 3.1015344433561864
1696.5093947936175 310.6791660605005 6.03983023179889
1638.3697429522688 288.54733612130644 2.611818478615736
1382.5533049615785 195.38797085103624 5.060398302317989
1451.166323098165 220.3744231255166 6.8560235063663075
1569.756724815682 263.5608838468261 2.611818478615736
1477.4256263355921 229.9371394280838 8.81488736532811
1328.1104250316025 173.64296549149958 8.978126020241593
1709.2938591237141 312.4565892385997 2.9382957884427032
1465.953410743646 221.92172144451138 3.1015344433561864
1578.614292375287 262.9488591297553 4.407443682664055
1343.9747118341768 177.5013618454418 3.4280117531831538
1373.622312263556 188.297977025769 3.7544890630101206
1512.8509718521132 238.04075671562555 4.244205027750571
1648.6913342487724 286.54963752774154 3.7544890630101206
1460.9493148160752 217.2211755145222 3.1015344433561864
1641.6846150057636 282.079216456837 3.591250408096637
1655.5462784929534 286.1677376698834 4.0809663728370875
1717.3827022456355 308.68639218884346 3.26477309826967
1444.6247782952926 209.35753252981203 5.550114267058439
1332.8109709616258 168.6388695640029 4.0809663728370875
1425.450544161151 201.4155396847707 2.9382957884427032
1457.639367484508 213.1375790234232 1.9588638589618022
1707.5262853893223 304.13762125762787 2.7750571335292196
1729.0116175582832 311.0024149455901 3.9177277179236043
1518.4769419404272 230.4954378940772 2.9382957884427032
1327.0381505964513 160.7801513011118 4.0809663728370875
1713.6125051958447 300.59754906684793 3.26477309826967
1451.0194728213044 204.97038604107718 7.182500816193274
1382.4064546847178 179.9839337665968 7.019262161279791
1708.8385341273788 297.89962645224296 3.4280117531831538
1496.2228853337685 220.4724718733014 8.978126020241593
946.7801406625906 19.425304660068605 5.386875612144956
1655.242728495392 276.46309581226956 2.9382957884427032
1332.8158956834993 158.0871534084148 2.611818478615736
1725.8583699473627 301.2194232276456 6.03983023179889
1428.5352913555416 192.94479670491728 2.4485798237022527
1672.4926891744801 281.7855159030564 3.9177277179236043
1510.7014982598291 222.86684449039865 4.733920992491021
1345.8304848727148 161.86719990202596 8.651648710414626
1318.724107337259 151.99600888000396 1.9588638589618022
1696.8277189568537 288.72865945136914 6.8560235063663075
1472.353029991546 206.9828588003163 11.263467189030361
1813.7239720784214 331.29817073380855 95.0048971596474
1411.6721552562192 183.92560470279716 24.975514201762977
1716.9273772493004 294.12942940248683 3.7544890630101206
1430.6946143915873 187.01527661909552 1.9588638589618022
1664.4871206347232 272.154299183974 8.325171400587658
1441.7065802653644 191.02544797179132 3.26477309826967
1431.620038549932 184.47405372506353 1.7956252040483185
1490.3766398301514 204.91173506830864 5.386875612144956
1377.7157581985102 163.88459738306472 4.733920992491021
1460.729039400772 194.11511988798134 4.570682337577538
1341.6000381046613 149.77311014924237 7.998694090760692
1470.3553313980349 196.6612675038324 2.7750571335292196
1570.6185732793851 232.21421009953588 18.119490695396667
1677.6584095445853 270.2349504507398 8.651648710414626
1634.4576203475053 254.50273975941127 21.38426379366634
1562.7647797384016 227.4353143091962 5.550114267058439
1714.6995537966852 281.8052147906187 6.52954619653934
1898.5146764588908 348.7442289086681 9.467841984982043
1432.6238125685682 179.08313321778132 3.591250408096637
1355.0014518735886 149.85638473150084 4.244205027750571
1461.1942138408685 187.5686503632894 2.4485798237022527
1503.0093291613805 201.83683731775352 4.407443682664055
1482.6795460098292 194.43344405125174 5.386875612144956
1444.3310777415463 178.5494583611694 3.26477309826967
1471.4374552769477 188.42064938317174 2.9382957884427032
1570.5451481408882 224.51219155741455 3.1015344433561864
2205.850871627795 455.86823113593425 8.161932745674175
1456.8070673522077 181.17395583724294 3.1015344433561864
1475.4427019078096 187.96039966487456 4.897159647404505
1680.4346820195408 262.61128176886075 3.26477309826967
1515.5636686323726 201.61163718046828 6.366307541625857
1880.65269106286 334.564241258262 4.733920992491021
1466.4333593494168 183.72010345307422 3.1015344433561864
1577.2483173863354 219.27797077070534 2.611818478615736
1443.7190530245496 169.69189080153012 1.7956252040483185
1561.2322555849876 210.56725348802036 5.223636957231472
1623.0686793377238 233.08590800700017 4.570682337577538
2184.987413619578 436.75757269643464 4.733920992491021
1198.9929307679133 77.6929992705775 4.897159647404505
1403.137836581724 152.03540665514834 9.467841984982043
1496.3160093597885 185.96762579332574 3.591250408096637
1460.200289265994 171.85613855952317 7.345739471106758
1560.8503557270951 203.7123092437654 2.285341168788769
1612.5218879040285 222.52926712948442 3.1015344433561864
1598.9686991363278 217.5936716184832 13.222331047992164
1639.39814058038 230.39783483612234 2.9382957884427032
1609.2119405724613 218.4456706383853 2.285341168788769
1381.3489544152014 135.46597110957225 3.4280117531831538
1887.8993846086805 319.93385333348226 17.140058765915768
1433.3289613115699 153.4358546973168 19.425399934704537
1486.1560425059133 171.7142130044964 3.7544890630101206
1201.617428244095 65.21700965995558 5.223636957231472
1572.0973711818647 199.17338775638507 6.203068886712373
1449.5800726938955 153.59747913979743 4.0809663728370875
1770.0826320506806 269.3538487893783 7.835455435847209
1735.3525858333999 256.7063852924206 5.8765915768854065
1508.3366739741143 174.03516048304266 12.895853738165197
1570.8683970259976 192.00996879269496 1.9588638589618022
1595.7420263869649 200.1086613584372 3.26477309826967
1451.2007961514016 146.51241003656617 3.1015344433561864
1092.3497685262255 14.872054696863643 8.651648710414626
1760.6913896344097 258.2586083334511 5.713352921971922
2179.763042276704 408.9509711399046 3.1015344433561864
1588.8136570042868 192.78854267417398 3.591250408096637
1786.5687930139984 260.9663803917831 3.9177277179236043
1735.7443351350391 242.4578972254991 5.223636957231472
1601.984945914149 190.8691939409398 2.4485798237022527
1324.4530508953399 88.8424116673034 8.978126020241593
1529.7535057265059 162.6462194733151 5.060398302317989
2169.2946007033393 395.54463264903006 3.4280117531831538
1562.250803769298 173.52118451399315 2.9382957884427032
1906.5497933299714 295.06514869449677 7.508978126020241
1796.7386093117284 254.11636086947522 4.407443682664055
1540.9221713209843 160.95699559918523 24.15932092719556
1773.0205289681708 245.47906872519366 4.570682337577538
1784.032494841948 249.48924007788935 5.8765915768854065
1804.3622779935533 256.8926333444109 3.9177277179236043
2321.386074482324 444.2151379036269 6.8560235063663075
1766.5524093037554 242.16419667171863 7.998694090760692
1812.451121115475 253.1224362946548 3.26477309826967
1528.142631712761 148.62785626549805 3.4280117531831538
1882.2196882694711 277.5702889905956 4.407443682664055
1218.808737950454 31.182262741787326 4.0809663728370875
1786.4268674590257 235.01062715188334 3.4280117531831538
2140.5039240157357 363.953059876981 14.201762977473065
2046.7871516591317 328.8652917213941 5.386875612144956
2070.275107143531 335.4999605502718 6.203068886712373
1804.910727015854 236.9447500507721 10.447273914462944
1796.7484587554359 233.012928558407 3.26477309826967
1807.5302997701085 235.02047659571872 3.1015344433561864
1252.7749844519644 30.119837750363104 7.019262161279791
2069.971557145969 325.79531869265804 5.060398302317989
1888.2374076594785 255.77648210214556 6.03983023179889
1238.3012962477922 17.173748977805644 6.03983023179889
1677.3942573221482 176.1165793487155 4.407443682664055
2112.2518469066317 333.51703612245 23.832843617368592
1930.7478222792456 265.50082284732173 6.03983023179889
2138.2810252849545 341.077129109633 7.019262161279791
1839.3421479575004 229.33585553454736 3.4280117531831538
1918.428532389271 257.1769301442944 7.508978126020241
1251.7810598770895 14.407325946596984 6.52954619653934
1947.5375332401104 266.8179963072122 2.7750571335292196
1696.8818908976523 172.6597817402136 13.385569702905647
1876.848466649697 234.35965034973447 30.688867123734898
1681.482778535175 162.25491586157966 4.570682337577538
1724.99204245169 177.1400522549336 41.6258570029383
1974.3403607780585 266.9845454716401 2.9382957884427032
1940.2272639996481 252.64293337873335 9.141364675155076
1920.6711300075747 237.8459962895455 7.345739471106758
2104.0309276734447 290.22804762123826 3.9177277179236043
1578.4629630664172 92.11877732542189 5.060398302317989
2096.182058854389 274.89743567533014 9.957557949722494
1604.957315884876 93.13240078780473 24.322559582109044
1522.3308592623798 59.20510637155485 7.835455435847209
1608.6590125180974 82.96750921211037 6.203068886712373
1518.6390120729202 48.26656563620077 1.305909239307868
2371.41270528218 356.89798479488866 6.366307541625857
1536.8143969103137 51.047762833063985 2.1221025138752854
1528.652128649895 47.11594134069901 3.4280117531831538
1583.4818331596225 65.16417478877418 7.345739471106758
1624.4498741822138 79.12388702382293 4.244205027750571
2073.247477114258 237.7631673971366 3.1015344433561864
1537.6663959301616 40.80452139691067 6.692784851452823
1635.388414917588 75.43203983430885 2.9382957884427032
1641.3962848637943 74.7416652570156 2.9382957884427032
2045.7591997208701 221.037032130968 7.835455435847209
1588.6475535297277 53.61360933645767 6.03983023179889
1625.918822640986 67.18649699174046 5.550114267058439
1541.9066921419615 31.795178838517813 1.7956252040483185
1548.4531616667077 32.26035327863406 2.1221025138752854
1636.5488886568708 64.34172410018118 10.120796604635977
1576.1030635025368 32.73537716258579 5.8765915768854065
1560.855726138887 27.182832212714402 3.4280117531831538
1928.3341964645094 156.20853951994252 5.550114267058439
1561.7077251587348 16.939590776561317 5.060398302317989
2328.926914271809 294.4150632720274 6.366307541625857
1689.082269297468 51.81200823871836 2.9382957884427032
2325.9303663815504 278.93267632736547 5.060398302317989
2307.911681264858 270.45208390367645 7.345739471106758
2218.968879976666 238.06223836267463 3.9177277179236043
2335.639932961057 268.0774101741612 6.8560235063663075
2317.4694728454974 254.74449682181796 8.488410055501141
2339.2632797339475 260.7622162118256 2.611818478615736
2351.1223199056994 265.08086228395655 2.7750571335292196
2345.809749258694 261.22739065194196 3.1015344433561864
2335.644857682891 257.5256940186813 2.4485798237022527
1758.943960477469 41.75501485455561 2.9382957884427032
2343.503575945748 251.75287365343252 3.591250408096637
2236.850564260259 210.03536139087555 27.58733268037871
2351.2839443482344 248.82975090165087 1.4691478942213516
2225.8435231084095 195.4734738826113 3.1015344433561864
2211.614733929016 152.8748599586928 6.366307541625857
2175.1171139773287 131.90842848063528 2.1221025138752854
2097.4947532824035 102.68167999437446 3.9177277179236043
2232.179566661599 151.72916038501012 3.591250408096637
2230.411992927153 143.41019240401863 3.26477309826967
2013.3308477845117 62.43804091249774 3.7544890630101206
1885.7311035086018 15.011283979388054 2.285341168788769
2194.9132222722287 127.60455657426724 19.915115899444988
2225.7163717190174 137.8625721760551 2.9382957884427032
2250.35987622092 143.95864142630478 3.9177277179236043
2162.5726239501378 111.03019630676351 4.0809663728370875
2280.315951369734 153.90818230865762 4.897159647404505
2220.560500792713 128.30970531721493 7.019262161279791
2036.9020778511544 55.67129597232008 7.835455435847209
2241.0469836649654 130.0137033568908 5.386875612144956
2324.3687395867164 159.39715156385284 15.670910871694417
2025.1213875397334 48.502952286830464 3.9177277179236043
2005.947153405592 40.56095944178924 4.407443682664055
2184.679830279896 105.64912524320835 4.244205027750571
2233.5800147038017 121.53803565523788 4.733920992491021
2059.6996587582407 56.29809485504529 7.182500816193274
2215.022730008476 111.90189421422792 7.835455435847209
2051.537390497822 52.36627336268032 4.244205027750571
2017.9628932980054 39.18021028720284 5.713352921971922
2257.1463200485314 125.3230068707569 8.161932745674175
2039.756700186401 45.19792967719059 6.692784851452823
2313.131573575708 142.8326407401844 6.03983023179889
2217.1820530445616 105.97237412829793 4.244205027750571
2208.4811852056578 100.88500361854301 5.713352921971922
2016.5821441433648 27.16447039476975 5.060398302317989
2312.2894239995676 131.97244986526948 4.733920992491021
1960.52346547777 1.9528179830042518 3.7544890630101206
2044.1536961189022 30.489191891971814 7.6722167809337245
1970.7667069138495 2.8048170028866934 3.26477309826967
2011.1961483579016 15.608980220525837 5.8765915768854065
2284.806071328201 104.69459844344351 6.366307541625857
2234.676912748443 81.64226906785188 4.0809663728370875
